0 3455
1 2081
2 1372
3 3971
4 2509
5 57
6 4320
7 3390
8 2265
9 3108
10 2772
11 4439
12 2594
13 3874
14 3812
15 271
16 762
17 2221
18 490
19 3213
20 2458
21 0
22 1706
23 1649
24 326
25 597
26 3258
27 3120
28 3539
29 3025
30 3529
31 535
32 615
33 2054
34 2571
35 1099
36 3100
37 3305
38 2688
39 2696
40 4026
41 997
42 3940
43 2970
44 3894
45 3158
46 2514
47 2429
48 573
49 1748
50 2792
51 2763
52 2128
53 1015
54 4063
55 1067
56 72
57 4095
58 2997
59 1410
60 3583
61 3259
62 1636
63 1968
64 2663
65 1753
66 2184
67 3678
68 4455
69 2528
70 3293
71 1893
72 3106
73 2803
74 91
75 2744
76 4382
77 33
78 990
79 3820
80 2453
81 1044
82 147
83 2255
84 455
85 4127
86 132
87 2086
88 1028
89 2992
90 2080
91 2823
92 266
93 4184
94 2041
95 2660
96 2416
97 4175
98 1605
99 2511
100 3702
101 1550
102 3399
103 3257
104 3089
105 4261
106 2981
107 3153
108 4474
109 2276
110 3056
111 3788
112 4096
113 1321
114 810
115 4144
116 2597
117 1035
118 4231
119 4
120 1719
121 2318
122 2550
123 2841
124 776
125 2724
126 129
127 2434
128 2420
129 3362
130 1385
131 449
132 2060
133 2682
134 1578
135 3033
136 2091
137 3271
138 112
139 3596
140 1357
141 1062
142 2305
143 1254
144 2450
145 1452
146 2540
147 2245
148 3537
149 3420
150 2171
151 3612
152 4150
153 4165
154 3222
155 4003
156 1140
157 4434
158 304
159 3017
160 928
161 4101
162 1277
163 3511
164 2698
165 1489
166 88
167 3364
168 1463
169 2447
170 1620
171 3857
172 1406
173 1470
174 2042
175 2504
176 335
177 2956
178 3715
179 22
180 7
181 2747
182 1898
183 739
184 217
185 2984
186 3323
187 1013
188 3026
189 1837
190 2121
191 3884
192 3926
193 3398
194 185
195 1896
196 2161
197 610
198 2818
199 804
200 826
201 677
202 901
203 920
204 4085
205 3093
206 4487
207 1728
208 4470
209 3382
210 584
211 1763
212 3473
213 3064
214 1810
215 1863
216 3758
217 1260
218 1483
219 642
220 2880
221 4116
222 3723
223 2180
224 4359
225 3016
226 1497
227 1017
228 868
229 3279
230 3344
231 764
232 1828
233 3045
234 671
235 337
236 3605
237 613
238 659
239 971
240 403
241 2023
242 4371
243 285
244 1194
245 197
246 461
247 1373
248 1468
249 3992
250 2670
251 127
252 15
253 4203
254 470
255 3233
256 1909
257 917
258 3688
259 184
260 1523
261 3236
262 1176
263 1984
264 985
265 3833
266 60
267 3489
268 2282
269 3419
270 4523
271 2608
272 3060
273 73
274 1520
275 4332
276 113
277 3948
278 24
279 786
280 121
281 4083
282 3912
283 4137
284 3151
285 4423
286 3206
287 4307
288 3058
289 1228
290 3359
291 4040
292 651
293 4374
294 2662
295 368
296 1221
297 4480
298 2365
299 551
300 3173
301 967
302 1548
303 2269
304 3078
305 1312
306 69
307 153
308 3129
309 4290
310 1517
311 4279
312 2134
313 1039
314 3831
315 2486
316 2290
317 1158
318 4520
319 1438
320 2968
321 347
322 4011
323 2998
324 2313
325 4549
326 419
327 13
328 4448
329 2300
330 3021
331 1375
332 3490
333 2292
334 2045
335 3226
336 2833
337 1143
338 1376
339 1559
340 3564
341 2074
342 4082
343 1532
344 1537
345 4528
346 1777
347 3019
348 2326
349 322
350 4385
351 162
352 3084
353 3285
354 3665
355 4379
356 2367
357 4156
358 3453
359 3001
360 3896
361 501
362 3836
363 3773
364 2352
365 1269
366 1179
367 566
368 3904
369 648
370 2551
371 3300
372 1940
373 3647
374 3457
375 3559
376 190
377 354
378 1727
379 4478
380 2659
381 1958
382 2764
383 3341
384 993
385 945
386 3868
387 4172
388 1308
389 1427
390 2636
391 1571
392 4236
393 1589
394 572
395 4021
396 770
397 3439
398 539
399 248
486 1235
703 340
927 2144
1017 2108
1065 768
1172 2590
1342 824
1751 3289
1922 1899
2174 1220
2398 316
2632 1333
2912 1419
2986 3839
3193 2406
3366 3927
3454 1930
3570 4102
3623 75
3793 3503
3966 2519
4073 48
4313 2302
475 2533
694 3370
777 1835
1018 911
1201 4295
1299 2570
1726 1045
1867 1264
1975 1296
2320 4208
2379 2776
2456 4510
2506 3392
3042 1103
3321 334
3421 976
3620 940
3736 1217
3857 766
3965 2706
4021 1668
4523 1256
4556 471
687 140
734 619
900 3334
1099 3878
1272 799
2046 496
2454 3431
2549 979
2811 2637
3127 2536
3785 2448
4358 1525
1073 3687
1363 3488
2110 3846
2298 3166
2776 2577
3070 1564
3313 1805
3829 2226
449 2553
571 1901
650 225
882 1826
941 2838
1086 4072
1154 719
1210 301
1215 761
1265 2976
1565 3700
1604 3924
1612 2404
1771 2479
1872 1129
1887 2010
1919 2802
2124 3727
2367 3935
2500 4201
2512 1686
2809 3368
2952 1962
3085 1808
3130 3791
3417 3471
3473 4053
3621 135
3671 3946
3839 3554
3916 1510
3989 3386
4016 176
4228 3922
4236 4015
4534 3994
3537 1292
507 4170
609 3551
726 1458
896 3847
1209 3138
1321 3670
1464 3268
1631 1403
1680 1162
1864 2072
1967 3239
1974 1175
2178 3109
2511 923
2596 1255
2752 506
2815 819
2948 1421
3162 745
3172 2859
3552 832
3705 2697
3894 2801
4003 2870
4031 343
4184 4191
4515 1977
633 3587
875 2822
963 1113
1009 3643
1121 528
1198 2100
1208 1098
1224 1807
1383 1991
1865 2873
2028 3480
2282 982
2455 2356
2516 4025
2545 3087
2708 2552
2847 4482
2869 1716
3072 3953
3438 1094
3508 1816
3567 1855
3776 4129
3977 1561
4334 3479
4545 1029
424 507
457 2194
492 1409
516 2842
562 3841
623 2743
646 3328
752 4416
809 2053
847 2787
905 3081
916 744
946 3462
953 857
1025 647
1030 3409
1128 3278
1159 1549
1222 2411
1293 3057
1311 2661
1398 1787
1410 4543
1422 2694
1476 4301
1510 2350
1531 1088
1657 2362
1712 4065
1740 622
1767 4460
1903 1557
1965 3122
1981 3714
1994 1505
2049 3593
2085 3535
2089 1664
2101 438
2148 385
2164 3381
2171 193
2201 2174
2267 3020
2352 3600
2360 1230
2407 3134
2440 300
2497 848
2531 405
2553 3909
2614 2702
2636 3032
2726 4431
2734 3030
2796 1083
2800 2635
2862 2623
2943 1614
2961 3494
3053 1588
3098 258
3106 862
3138 2937
3156 1048
3166 2707
3210 3104
3214 3845
3238 4183
3271 290
3307 1995
3347 4414
3368 3725
3402 863
3433 4238
3440 1358
3493 662
3543 1710
3601 1541
3640 195
3740 2585
3774 2311
3854 97
3884 3626
3997 3532
4043 1239
4055 1172
4098 2103
4137 1658
4197 2532
4225 994
4296 787
4332 1232
4377 2589
4386 2261
4462 2766
4492 2330
4554 4366
1028 4303
2279 202
2662 2671
4198 79
4530 3944
601 1908
925 2931
1127 3509
1298 3743
1506 3997
1609 884
1656 2238
1729 1951
1928 1412
1993 198
2232 3299
2640 3189
2673 3360
2717 2043
2965 1515
3048 2073
3176 1675
3229 3248
3843 1983
3848 1621
3948 3137
3970 900
4157 3177
4336 3942
4527 2616
435 3217
453 1059
626 293
711 3792
721 4451
747 1040
761 3943
791 3201
858 1814
865 2120
892 2874
929 2555
984 408
1066 2887
1108 3312
1148 365
1195 3356
1270 2999
1308 4167
1331 2929
1387 2382
1474 3769
1539 4329
1557 110
1580 733
1634 4098
1648 3765
1702 1445
1760 2827
1810 846
1833 1659
1888 124
1959 2816
2024 1866
2036 896
2128 4317
2197 833
2237 2178
2284 1177
2327 3889
2362 3887
2446 4542
2507 3275
2517 1135
2543 521
2551 1134
2600 1101
2612 141
2670 3121
2697 2170
2791 2159
2871 3066
2894 4459
2940 3443
2987 3576
3018 58
3077 71
3122 457
3173 2782
3211 2250
3269 674
3280 781
3392 1313
3407 4145
3416 1170
3469 1344
3472 558
3490 3283
3569 3915
3613 806
3654 1878
3685 2048
3813 1619
3832 4215
3861 955
3919 4445
3925 429
3984 3982
4005 1565
4035 2088
4069 3288
4096 568
4125 790
4140 4108
4203 841
4297 367
4407 2407
4479 3423
4539 263
420 1867
1544 1966
1901 4070
2444 3574
2751 3959
3358 206
3596 1542
4145 2972
4406 3597
498 4241
1023 3610
1140 4058
1233 1577
1504 4360
1668 1797
1827 3316
1980 1612
2208 4399
2494 2756
2599 2364
2757 1460
2970 3829
3212 1306
3382 2995
3599 4351
3677 1290
4004 577
4229 645
4353 3376
4483 2645
411 2683
618 1109
1036 3329
1416 4444
1944 2901
2095 3445
2250 1112
2466 1734
2729 2629
2983 3568
3580 1641
3927 287
4234 406
4361 1925
4426 4327
4488 133
586 2788
855 32
979 1352
1300 4539
2297 813
2465 603
3044 3103
3251 4078
3316 2022
3340 3483
3536 4491
3800 1838
3940 1518
4117 1318
4507 4277
1674 3395
4536 4465
657 2640
841 1938
1047 2727
1310 3250
1402 3269
1516 1626
1597 289
1708 260
1829 1512
2002 3569
2194 865
2227 3156
2321 673
2431 418
2495 2051
2581 330
2828 1250
2879 2082
2968 4323
3110 3053
3200 903
3312 748
3393 392
3425 2885
3431 4211
3649 4534
3869 669
3983 1293
4179 2545
480 1629
749 1999
1841 3015
2149 2593
2475 1959
2911 2754
3342 547
4224 1332
405 828
827 386
1721 644
1955 1903
2667 1793
3568 1329
4303 1829
4431 3641
779 2285
820 634
878 1033
978 2384
1455 4545
1685 4214
1789 773
2205 3041
2323 4216
2654 1862
2788 2850
2906 2059
3073 2498
3181 2638
3669 3542
3754 4048
3867 3175
4226 2865
4247 3860
4324 1654
4445 1365
4466 1932
527 1751
872 4038
1339 2207
1701 3171
2355 1739
3619 3524
406 1700
956 1877
1882 4403
2385 571
2616 4220
3143 84
3558 1477
3797 1262
4194 907
985 2228
1045 1307
1660 4198
2505 801
3450 1305
3615 2770
4088 3326
634 2858
1119 536
1204 474
1897 1594
2575 2409
2759 2769
2873 454
3273 3910
3466 3145
3994 512
4415 4084
432 668
829 1475
1212 1623
1376 2079
1473 546
1669 1118
1826 2415
2041 2163
2074 1263
2696 2040
2980 2195
3274 3906
3420 464
3836 2891
4087 3731
4188 1325
4508 1248
4550 4384
895 3785
1322 4147
1359 25
1723 2634
2152 2077
2661 1401
3816 2899
3887 2291
3982 306
544 3930
615 4257
839 3130
1246 2456
1365 4206
1513 3256
1591 4341
1806 2032
2240 3936
2749 1133
2794 4388
3295 1684
3565 2890
3780 1891
3907 2845
4167 3111
4315 1697
4355 1627
4372 1259
4513 1493
445 3870
570 2222
778 192
1091 3194
1109 817
1244 1492
1264 1394
1814 1566
1866 1572
2023 4055
2105 3582
2192 3718
2727 3261
2969 3075
3144 1946
3232 2341
3422 2507
3692 4009
3841 3572
4070 2978
4127 510
4304 785
4351 3397
4427 3277
465 56
617 375
1122 3086
1375 1776
1593 4546
1673 3832
2130 224
2365 467
2852 1500
3504 2145
3666 1852
3828 698
540 312
1013 4024
1722 106
2163 1171
3803 4075
4199 3162
557 1082
666 3881
868 606
967 4016
1271 1087
1441 3782
1620 2948
1731 4501
2030 3533
2093 1215
2207 4071
2504 3476
2621 3292
3168 2067
3301 4197
3488 3557
3600 390
3893 747
3976 2714
4215 1759
4271 1041
4503 3962
460 2129
894 2847
2762 3161
4105 2263
513 1149
709 2468
1048 2197
1253 3541
1425 253
1457 458
2016 633
2339 350
2607 1276
2979 593
3598 3343
3876 2294
4044 377
4395 174
433 2674
524 529
635 3580
689 1069
693 3903
796 34
812 711
901 1872
936 3978
958 989
1032 692
1075 1503
1160 2518
1175 3991
1183 686
1227 3146
1235 556
1269 1115
1467 1199
1533 3405
1687 421
1761 538
1821 1944
1851 2839
1883 387
1951 255
1997 3633
2029 2601
2052 4322
2097 1388
2119 3691
2121 2225
2343 4034
2353 4318
2375 1442
2395 4126
2459 311
2572 3549
2653 2581
2699 2070
2733 3655
2747 213
2846 1320
2883 3705
2982 128
2997 1647
3050 61
3081 3579
3159 2410
3220 3071
3226 4502
3270 43
3332 4035
3500 1603
3631 1297
3725 1066
3790 2380
3807 2408
3898 1740
3929 3412
3972 3091
4052 1167
4086 4296
4121 3297
4146 1020
4185 4037
4240 1120
4275 1310
4310 3666
4339 2172
4405 3798
4410 4087
4418 2537
4484 1761
4490 1742
4555 1730
700 1698
1575 2113
1812 1954
2317 3669
2457 265
3408 3404
3875 4512
4036 1472
4238 1253
2659 1796
3979 4056
4540 3807
469 2746
723 2888
1057 3544
1095 2821
1116 85
1178 4149
1248 3766
1420 2610
1582 694
1908 3061
2098 3286
2179 3838
2368 4013
2419 3198
2691 4396
2764 3430
2902 3919
3054 264
3177 1328
3390 2720
3501 3352
3572 4552
3668 2810
4136 231
4235 892
655 2369
756 2750
815 2114
996 3736
1084 926
1129 2183
1317 517
1468 3117
1498 3383
1644 3649
1707 3303
1769 1009
1852 1343
1904 4469
2079 1656
2195 1355
2234 1858
2295 3618
2344 2166
2496 3054
2656 2499
2783 4479
2875 3797
2923 1987
3277 262
3373 4047
3380 1201
3446 1148
3583 3710
3661 4218
3747 3901
3862 3595
4084 3094
4259 2321
4398 1869
4551 1190
541 2741
647 963
999 232
1153 949
1488 882
1532 2745
1690 1289
1828 1211
2034 2895
2056 2371
2371 3403
2476 2560
2541 4135
2597 3571
2631 1827
2743 2231
2864 86
2897 3913
3119 2693
3248 1275
3462 1378
3626 2561
3928 869
4047 735
4309 4476
1242 1737
2176 641
3787 4373
673 3872
1434 2934
1807 626
2510 4331
2732 1377
3013 1929
3227 44
3395 2775
3748 728
439 3804
848 3949
1659 814
1809 2624
2066 3712
2172 3324
2674 3249
2821 2967
3266 3357
3686 542
608 2852
1150 4430
1199 3023
1858 2954
2294 1841
3062 4005
3418 1831
3578 2090
4152 4275
4402 4202
413 4500
459 475
632 2952
718 3819
1341 3209
1563 1123
1885 4304
2129 1144
2204 2210
2421 1057
2499 3695
2623 3301
2863 2804
3257 2208
3687 239
4080 2829
4159 1939
4399 2576
529 3172
903 695
1306 1804
1448 2651
2116 1824
2926 1902
2960 4441
3357 2567
3529 3085
3771 3391
3988 683
4340 527
4468 942
690 1423
1586 1327
1653 186
2755 3408
3244 4554
4392 3340
444 19
600 3772
760 146
960 4381
1061 4562
1433 3530
1478 1236
1691 575
1795 3331
1948 1960
2145 55
2413 2566
2603 2345
2779 17
2909 4442
3109 16
3612 1081
3768 3072
3896 609
4276 3614
4374 958
4522 420
631 1609
1004 82
1329 2000
1494 1168
1818 3821
2060 4207
2263 3631
2498 3178
2845 1054
2953 4513
3037 1771
3293 18
3479 247
4045 2546
4246 4438
412 3500
643 818
706 2646
911 2879
1097 2807
1340 3929
1479 807
1694 497
2258 1801
2460 1002
2740 2157
2829 3662
2932 4124
3043 1126
3510 3051
3762 2247
4101 90
4366 3809
566 1770
906 492
1739 1204
1986 1819
1991 1205
2274 2777
3310 1834
3974 803
677 2454
1451 1340
2015 2455
2872 3734
3320 1459
3607 1560
3757 1949
583 2924
889 2878
972 67
1141 2722
1225 2861
1550 2272
1666 2297
1781 4481
1850 4054
2254 478
2299 447
2341 3954
2409 1528
2606 1368
2677 4493
2780 5
3150 4447
3184 3974
3461 503
3520 2892
3659 3965
3842 4334
4116 1181
4230 31
4448 2101
1952 3478
2424 2527
4053 3516
897 3679
994 59
2946 2111
3107 493
4312 2966
464 1414
603 3701
649 320
860 918
1316 4041
1424 3790
1523 2867
2054 2726
2287 3013
2450 4000
2882 2989
3058 136
3304 713
3718 1288
3931 53
4164 2622
4293 4333
4529 2002
1752 2422
3968 602
4414 1802
710 336
1276 3704
1716 2104
2528 1970
478 2385
672 1299
2076 1651
2266 1530
2441 3311
2958 1783
3591 1286
3947 1617
4210 1809
4547 2875
409 2719
1681 598
4255 3401
819 621
2574 1979
1040 2573
1430 3694
2610 1516
3656 4267
4363 2306
1156 1586
1390 1622
1899 1738
3045 1010
3509 3540
4285 788
558 211
751 3255
1584 1749
1756 1511
1935 1527
2039 4217
2313 3527
2562 4496
2887 1961
3097 3722
3415 4387
3532 1267
3915 3900
4434 3238
1976 3748
4502 1334
918 3816
1732 3624
2617 1762
3503 1395
4243 3022
867 443
403 3424
716 717
821 4405
1002 1993
1664 3251
1802 4428
2190 2779
3123 4239
3556 3068
3920 3433
4559 1131
472 3449
966 3988
1502 3265
2225 3474
3026 1957
3847 417
3914 1861
4364 2355
921 4457
1179 1366
1254 2095
1297 1151
1385 2215
1647 1910
1894 4115
2126 912
2311 941
2442 965
2650 123
3426 1478
3544 1363
3860 2481
503 2096
795 2881
866 1338
2078 235
2277 1800
3187 3141
3439 660
1641 1019
2264 1982
2532 890
3285 591
4107 3434
879 2234
1551 970
1714 2578
2684 2387
3047 687
3318 4094
4237 3814
621 3577
1529 272
3250 4486
4063 1047
4367 1428
1027 3578
1495 3751
1562 2216
1718 2124
3362 1251
3707 1413
3946 26
4329 3468
1461 852
3149 1889
548 4274
2013 3163
912 3018
1552 4234
2792 2944
4195 4505
1169 3069
2388 2351
447 2630
1371 800
1783 3207
3004 2657
3336 2327
3899 409
4180 2626
1232 3520
2112 2068
2905 1097
3330 2063
4168 2595
588 2227
917 1978
988 959
2386 1036
2626 4536
3134 393
4181 4120
1216 4421
1475 256
2408 1404
3516 2130
2915 649
563 3644
604 3406
616 1274
654 1073
743 4074
770 341
830 401
899 1382
1078 1384
1220 1180
1294 2501
1313 1223
1458 485
1588 4418
1713 229
1929 676
2035 411
2070 3444
2196 96
2359 1723
2529 725
2582 2598
2660 1342
2754 278
2773 1161
2888 2160
2993 450
3030 21
3086 3671
3199 718
3265 3611
3481 995
3550 4271
3781 4017
3945 1690
4108 1784
4232 3844
4251 2824
4319 2466
4438 3823
4493 1219
4499 2249
2319 4458
3292 95
4433 2
1566 1992
2700 611
3099 339
3491 2430
3713 4315
3777 52
741 276
3689 525
1370 1868
2001 451
3487 1556
3637 2947
3878 937
555 1396
1080 1736
1401 4244
1627 2654
1911 3934
2301 553
2918 1985
4510 1003
4542 448
993 693
1205 657
2153 2505
3755 2755
3087 2188
417 2558
510 891
594 4456
685 2790
719 1981
794 3925
838 2224
955 880
1142 3229
1188 1182
1243 1411
1323 2916
1500 2376
1561 4185
1759 1915
1787 4188
1800 3112
1878 4370
1917 838
2003 1021
2113 1774
2193 596
2248 3646
2356 3513
2479 853
2485 2913
2860 4030
3055 70
3145 3237
3190 939
3233 1198
3287 1721
3352 179
3413 2678
3542 4189
3651 3307
3675 1227
3801 3418
3978 3284
4059 2918
4122 980
4258 1336
4419 3635
4453 1091
4491 1704
3006 3077
3203 1681
3409 4335
4074 2460
430 371
547 1947
585 3325
696 3588
732 1581
765 3603
1019 23
1228 1075
1378 4495
1437 3095
1459 201
1733 3435
1798 3601
1956 2115
2053 2328
2090 2424
2271 3469
2326 564
2378 1188
2433 839
2564 3421
2668 54
2843 1733
2995 1596
3074 4400
3104 3921
3208 3886
3252 2667
3441 2418
3505 3467
3595 4192
3814 291
3903 1350
4038 681
4175 4181
4376 1718
4424 2534
2533 1956
466 847
2161 2849
2683 4090
4169 1462
727 1447
962 2281
1564 1282
1921 227
2304 2283
2642 2721
2772 3059
3241 614
3749 4558
4322 3168
4501 2471
488 2436
2799 2936
1338 1165
1979 3097
1257 1317
1289 1871
1625 3221
1811 789
2244 257
2777 4225
3197 139
3289 2295
3714 3528
4171 2681
485 1000
1548 220
1988 187
3622 2185
436 2192
957 2213
1535 1418
1573 2230
1958 1077
1996 2050
2849 4422
3723 2307
3932 2515
4143 1464
4333 2137
1796 237
662 2405
1158 1261
1501 2494
1942 3917
2109 424
2819 4272
3559 2853
4217 212
446 3218
731 929
789 1331
1152 2347
1303 885
2703 1157
3057 3067
3561 1616
4018 4494
786 2496
1754 1155
3672 308
4120 3869
1042 4390
1896 4394
2380 4226
3485 3287
4302 2522
1470 724
1835 2831
2062 654
2420 3599
2701 2028
3502 3620
4109 743
592 3183
1110 3619
1672 2541
2925 1534
3348 1699
3695 957
3980 4345
4454 4029
1231 1637
2221 3675
2782 3314
2996 1595
3125 4121
479 4131
784 889
859 3543
920 3756
1191 2531
1252 1731
1632 313
1748 2748
2022 3361
2064 2003
2140 200
2439 1818
2627 1154
2664 3252
2825 2209
3089 4258
3581 445
3779 2340
3883 1457
4301 1666
4477 1948
1056 4162
1773 2758
2014 283
1029 3986
1742 2732
2781 2925
3938 416
981 3660
1155 376
1704 3656
2272 599
3261 1030
4160 3254
4471 63
545 4420
648 3859
1286 3856
2805 2633
470 1183
832 2039
1645 3815
1842 3628
2471 1481
2548 883
3341 1822
3521 2963
3758 935
4182 2641
2447 3302
3147 2459
4443 3182
509 364
651 1766
3492 344
1427 76
3549 1688
831 3280
952 3195
1218 1424
2522 4166
2927 4219
3743 592
613 4223
1349 1843
2826 2312
3657 4454
3858 1063
3937 915
4294 281
2038 3042
2851 1241
3822 2204
4282 3786
948 779
1493 3664
2012 1673
2813 4051
3688 2013
3834 1443
4288 2884
422 840
971 898
1200 2868
1617 3862
3284 3801
3802 3863
2394 531
1891 2361
3339 4398
4123 589
2803 2089
3798 3767
4504 499
1518 2529
1709 433
2131 2912
2265 3546
2908 4006
3034 171
4281 1691
1021 3693
2202 2973
3764 3336
1916 4313
500 879
1892 4130
3103 2774
3444 1114
1570 746
1637 226
3514 2333
2539 2105
552 1496
1765 3304
2364 222
3028 3465
3403 936
742 473
2253 2246
3040 462
1413 2606
3571 1037
1931 3110
2544 4157
4174 3581
1302 4001
2155 1111
4034 3082
522 2962
2252 3270
4118 905
2312 2440
4178 4194
1010 3378
1305 28
1879 2927
2785 2372
3206 3781
3917 221
715 2521
1638 3632
2021 1243
3152 1540
3496 4204
3885 4154
4380 444
3546 47
458 182
3730 3131
769 355
1484 1782
2296 66
2924 4529
3506 1693
3703 3888
4027 1890
990 3548
1170 373
1737 3298
2316 116
2580 423
2994 4526
4444 2612
713 4401
1234 1650
1521 3876
1770 2951
2566 3518
415 2142
1503 751
2977 2817
451 3092
995 119
3198 3645
4455 4093
886 157
4437 3024
885 1943
1848 1348
4472 4515
2184 3654
3557 3150
3632 2423
3670 1234
4014 2069
4032 1806
2705 2986
807 2004
2123 4235
2241 2883
2831 51
4280 4499
1249 3353
1624 20
2625 1606
3411 2765
973 1812
1599 1607
3027 261
4028 2982
914 1722
2209 3526
1462 3375
1670 250
2384 1705
3360 4352
3840 1922
857 1108
3329 1291
1132 998
1875 2337
2571 2933
2449 2154
569 4349
1590 3768
923 4111
2468 2582
3116 921
3432 2907
584 4210
2144 4251
2742 741
3388 864
4482 4190
1259 842
1054 383
2971 101
4430 3342
1418 3
3820 3011
1600 4330
3660 1671
1792 2592
2907 125
622 3448
4093 543
1347 2806
2942 639
3223 1756
3967 516
4460 4408
1803 3677
792 1323
2100 446
2840 1301
2080 712
3240 816
704 1360
3464 1879
4071 1213
2508 3852
3032 2148
1046 2672
1615 305
3183 309
2403 1456
3653 1526
4494 3507
664 4146
575 4547
2802 2021
450 2692
712 4489
904 2725
1130 2752
1262 483
1710 2288
2530 3825
2769 3388
2795 4356
3114 3972
3512 4289
3605 1680
4289 4171
4421 3709
2850 2386
1392 2412
3142 2639
1541 670
1247 4297
2679 2441
4549 1173
4216 1971
813 4452
3775 2559
642 203
1423 3191
2281 1051
2680 2444
560 1474
2018 1031
2423 2780
3627 1743
1055 1011
2349 267
4007 2753
1405 2836
3024 3538
661 4103
3545 2293
1569 3437
2305 362
3564 2557
2065 1100
4211 3253
986 1885
2072 2819
3900 608
4208 2549
4269 4077
3959 2539
2710 4187
3644 697
2372 4367
2713 3411
2175 3264
3652 2607
3872 2574
4441 4143
844 2378
2387 2709
549 4256
1923 893
2438 2260
4153 1717
4553 2575
1207 3470
3084 2173
4085 3750
3682 2712
1275 1711
3401 696
1932 1696
3871 39
1258 35
3453 3422
908 4551
1460 2680
2891 2757
3625 4305
3895 3776
3909 282
4500 3622
2944 2926
4306 897
1540 1754
4311 996
982 850
1068 1056
1940 4521
4390 2846
4025 1110
3579 1430
625 1163
2806 588
870 1229
3216 1393
4283 1652
943 4080
3788 1747
4436 2267
3614 2426
1661 2243
2106 62
2973 2762
3592 3050
670 2957
2954 1160
620 3429
1407 1638
3943 2064
1335 2991
4525 1613
2469 4113
4187 1195
2383 1482
2270 3096
2651 2930
3646 349
4538 2464
1043 3787
3691 2771
2778 216
1279 962
3090 2155
629 2583
3721 1513
1114 1359
2720 625
1537 2131
3000 2061
4557 3396
4292 948
3129 2739
4017 731
4000 2718
4177 1016
2565 954
4130 3263
1301 1720
3708 1012
1034 1141
3523 1127
4291 2591
410 845
3399 1788
4219 3648
4192 1487
630 1192
2577 4440
2045 254
663 2690
437 908
542 3937
4286 2259
3555 1150
3933 3608
1764 3721
3231 3987
1089 3760
3852 1883
675 3354
2790 4503
4051 2117
1554 3428
427 4555
2189 3745
3256 737
1330 2287
2067 1064
3288 1222
969 3744
4128 4253
3364 4309
4512 426
452 3637
2547 1715
3639 2303
3075 3811
3023 2512
461 2935
462 150
582 2310
3076 4449
2858 1923
471 4044
681 1823
2427 2147
589 1779
2276 2625
2895 808
4328 38
491 2030
3750 3680
1381 1086
2154 1
2817 902
3752 3105
2243 4504
514 4419
3118 871
1749 3337
2223 1778
2211 578
4403 1531
2917 545
1131 730
3215 3905
1871 616
2823 77
2434 14
4131 4541
3372 404
4154 3668
2300 987
1662 1184
4193 2961
686 1847
2114 1024
790 3232
4467 3308
573 1488
2615 100
881 68
3093 4057
1961 2525
587 2007
2787 2316
2150 950
3902 1106
1482 706
2417 4168
1388 2898
3724 456
1619 3246
1853 1502
2812 583
3782 3630
949 1631
2373 384
1120 2877
1421 4525
3942 2186
4318 4490
1520 2906
3207 2151
1579 204
1062 3764
3328 4472
2293 913
3610 3830
4509 1152
4562 1476
2428 1356
2369 1584
1635 1953
4300 234
2470 173
1006 109
1515 1455
3049 4062
4359 1632
1832 2446
2410 3451
954 3634
804 4213
2844 3493
4457 3575
4076 1197
762 2419
1287 1364
2146 2805
775 273
3258 3708
782 2346
1947 1185
4104 1900
884 3203
822 3281
3870 4450
4049 2800
3991 3346
2160 1461
2210 144
1868 2034
3434 2308
909 2071
4321 4153
930 874
940 275
3272 2703
1995 2449
1567 560
3264 2284
3995 1597
1964 1975
3283 2127
1400 3941
4521 363
1384 338
3554 2791
1082 2542
3922 2279
3964 3659
1111 709
2487 3415
4487 1159
4079 4378
2737 3752
2704 230
1203 2153
2191 3828
2824 1303
1282 2431
1295 2098
1314 3210
4191 4148
1352 2631
1354 1551
3888 3885
1396 3730
1598 2921
3262 774
1530 286
1559 345
2215 4435
1611 2203
2166 2603
4173 3642
3681 2150
1667 4519
1945 236
3511 3759
2629 3522
3351 1117
3551 2844
1808 4464
2534 1554
1970 881
3175 1437
2306 3504
2173 3799
2771 93
2303 3379
2633 466
2488 3555
3209 3964
2766 1027
3242 1142
2947 4410
4428 3966
3445 1231
3386 3689
4543 1284
