10001 7828
10020 13746
10022 20734
10044 8019
10045 14315
10046 4010
10064 18839
10069 15798
10082 24892
10091 24903
10108 11105
10119 12053
10123 14934
10129 10720
10171 25783
10175 27039
10189 11619
10194 6865
10198 20528
10199 27677
10212 12517
10218 15466
10220 17568
10222 4294
10223 12093
10229 9600
10230 27552
10231 8504
10232 7324
10246 1654
10247 6458
10250 22126
10256 8010
10257 18068
10259 10562
10260 5080
10265 4836
10272 15727
10278 2307
10298 5548
10299 19048
10300 18495
10302 967
10303 16656
10304 15946
10305 1412
10307 5188
10309 20880
10313 2309
10314 20705
10324 14982
10325 3091
10328 15036
10330 25166
10333 9110
10335 15295
10336 14440
10337 9603
10338 13615
10342 19127
10346 25319
10348 12605
10357 23192
10361 27553
10397 23404
10399 24631
10401 27350
10407 21288
10447 25572
10448 22699
10449 11061
10453 13405
10455 16205
10458 22040
10464 12607
10468 5204
10474 8625
10475 9583
10480 19881
10482 4420
10489 2500
10492 22689
10493 8941
10494 10544
10495 14769
10496 19470
10503 12567
10508 13959
1051 22145
10510 7948
10511 17942
10512 19402
10513 10084
10527 13745
10528 90
10537 926
10547 20250
10555 20728
10560 9151
10561 27213
10564 3317
10566 25277
10569 24532
10574 26391
10576 18545
10577 8995
10599 6648
10604 26973
10605 19005
10609 8453
10616 20063
10624 10739
10628 17949
10629 20876
10630 6693
10635 22290
10651 15518
10695 9414
10726 27592
10739 26241
10747 13880
10749 3196
10765 13313
10766 3548
10773 18979
10775 11727
10781 15478
10790 24316
10791 22115
10793 7323
10802 7223
10804 20498
10818 6437
10838 5288
10839 27421
10840 22877
10856 1103
10872 11497
10874 19212
10875 23191
10888 9963
10892 26066
10894 26357
10896 25428
10904 1830
10910 9167
10917 21779
10918 22197
1092 11596
1093 18970
10933 26765
10937 882
10943 20621
10944 19408
10945 8530
10946 21107
10947 18899
10960 26413
10968 25130
1099 21925
10993 5457
1100 18078
11000 4895
11004 3233
11009 21900
1101 10848
11019 2837
1102 13556
11022 1601
11023 15407
1103 10881
11039 6973
1104 20580
11040 13192
11041 443
11044 9331
11051 6231
1106 519
11078 17644
11086 26685
11088 13301
11089 16392
11091 5402
11099 9038
11100 9956
11104 16128
11107 10000
11110 5432
11131 8449
11135 20886
11138 545
11140 24540
11151 19210
11155 2407
11174 24783
11175 3945
11177 23159
11179 22824
11193 1883
11202 27658
11204 14259
11210 20951
11214 1255
11217 8
11221 54
11229 25089
11230 20202
11233 22271
11283 20887
11284 20183
11286 22208
11289 9793
11298 20806
11311 23431
11316 835
11326 17309
11331 22724
11333 123
11334 19669
11336 8071
11345 24662
11346 27365
11349 8528
11350 18535
11351 16821
11362 22360
11368 14686
11371 3502
11377 15888
11391 2430
11393 20708
11394 7641
11396 2071
11398 4116
11405 26667
11420 16172
11442 21780
11457 23951
11464 21508
11473 9290
11474 2797
11495 22875
11499 24062
11509 10244
11515 21522
11516 1244
11517 1487
11526 14704
11529 706
11532 16240
11537 14331
11538 7929
11545 12069
11548 26428
11549 27533
11550 18306
11558 20758
11562 7264
11567 19316
11575 7137
11580 4945
11592 12416
11595 26309
11598 19234
11604 24641
11616 17308
11632 26125
11633 968
11635 26359
11638 26331
11639 10568
11640 23703
11641 10689
11648 19496
11652 3696
11653 11191
11669 25174
11670 24866
11675 8661
11692 16242
11697 20305
11714 19372
11718 27566
11728 15658
11733 5090
11739 19696
11743 9917
11744 25914
11747 10230
11765 1249
11766 23053
11767 13807
11771 13071
11772 7554
11781 4296
11782 24337
11793 9435
11803 1946
11807 6618
11809 3413
11817 8404
11822 19261
11824 2260
11827 22512
11847 19794
11853 16518
11876 25631
11882 10980
11884 25015
11907 27248
11912 6989
11913 4555
11914 17925
11923 4284
11924 21491
11949 26103
11953 16471
11955 1296
11964 15372
11967 24180
11975 3348
11981 23199
11987 23604
11993 2610
11999 25682
12000 6945
12039 1375
1204 19546
12045 18661
12055 15664
12088 14380
12089 17601
12114 14690
12131 9100
12162 23243
12164 17973
12167 25578
12169 12439
12171 11508
12182 2362
12183 13281
12185 23412
12197 6759
12201 9680
12202 12458
12229 11917
12231 3906
12233 25811
12241 6259
12250 7896
12255 25841
12270 11860
12271 18769
12272 2747
12288 776
12293 15299
12295 10333
12296 25577
12302 24541
12323 21775
12329 8360
12335 17875
12336 18595
12337 14427
12339 1817
12341 19849
12342 16078
12351 16430
12353 11533
12360 12763
12361 22975
12376 3901
12382 15182
12383 8869
12390 18900
12391 11916
12396 12316
12399 15179
12401 27388
12402 11937
12408 26893
12409 10722
12416 8813
12417 19093
12419 17247
12431 15568
12432 18420
12434 26756
12440 5190
12463 5959
12467 10638
12470 11299
12481 18612
12483 4815
12499 16124
12504 15927
12512 11748
12513 9605
12518 27645
12521 19727
12523 17730
12536 13911
12544 9401
12554 9794
12555 20194
12563 5861
12571 22155
12575 7015
12581 22161
12604 20282
12609 12673
12612 6766
12616 5126
12618 24761
12622 7750
12623 16890
12625 19603
12626 8692
12629 22211
12635 3861
12642 24944
12643 17732
12657 12560
12660 20965
12667 1767
12679 7344
12689 17937
12708 21066
12709 25842
12714 2638
12715 703
12719 19305
12730 475
12732 10653
12743 25919
12784 1923
12786 21163
12790 14618
12798 18559
12799 11960
12803 4968
12810 866
12814 11948
12835 26670
12849 13282
12851 25381
12852 12685
12856 27112
12883 14338
12890 3353
12895 10254
12898 4440
12905 14557
12909 18410
12912 19698
12921 7894
12929 8585
12931 7874
12945 18606
12947 11229
12948 24796
12949 14363
12971 2748
12983 988
12986 15217
12987 6025
12991 1937
12994 21999
12998 10486
13009 18597
13015 26533
13018 3376
13032 11098
13041 10334
13046 7040
13061 9427
13069 4422
13086 3509
13090 1569
13092 19676
13105 14211
13109 13729
13120 2537
13122 17215
13140 17954
13164 17854
13165 13222
13167 19612
13169 10589
13182 6496
13185 6291
13187 4058
13199 24524
13205 19989
13209 11846
13223 13929
13240 11320
13244 17691
13261 20826
13267 23829
77 19189
12861 10577
197 13289
2003 20252
2043 15915
2877 8620
3567 461
3584 13679
4264 18835
4272 15561
6546 21367
7714 20568
8216 15161
10181 13617
11244 17325
15266 26224
27122 6186
256 12419
330 13254
365 917
740 3875
1959 12441
2035 26177
2050 14589
2064 13948
2734 8284
2739 24522
3031 24201
3341 6641
3437 21128
4022 24800
5415 16181
6033 10781
6316 4093
6382 22843
7891 11502
9899 20755
11626 4954
12677 20649
14563 12084
15172 20532
16600 8189
17806 14262
18320 26190
19097 3630
20231 6907
21019 9317
21977 19626
23735 3757
1033 18907
2055 4808
10288 4332
14634 9810
15897 26392
22341 10594
95 11404
102 407
105 19227
117 815
122 21451
124 9790
167 21283
178 6377
190 10687
203 3515
212 7460
215 21404
421 23056
510 2202
651 15745
761 26666
1024 2703
1227 24625
1259 7401
1321 21730
1335 9867
1353 26085
1381 14120
1560 19024
1618 26638
1622 12423
1697 17809
1721 6807
1729 26832
1732 8694
1734 2091
1755 2835
1758 27718
1762 26887
1868 17385
2044 26911
2220 23802
2309 17905
2775 2583
2843 20799
2878 18776
2982 19589
3456 3040
3785 19384
3957 23163
4178 3112
4208 23167
4260 5683
4341 23246
4486 24945
4635 4173
4647 6621
4855 21564
4936 16887
4939 4712
4950 17996
4954 18634
4961 18000
4963 18054
5266 6111
5923 22151
6321 18346
6335 2341
6394 7730
6468 6286
6634 22406
6649 3933
6701 6050
7132 9741
7230 14708
7365 14294
7377 13651
7391 18628
7397 16310
7399 20962
7539 14946
7644 1446
7670 11027
7735 24810
7850 7908
7909 7573
7956 23148
8091 5232
8170 5707
8337 21804
8617 7985
8878 7683
9010 27520
9163 23744
9590 10299
9813 12836
9840 2971
10290 7471
10634 501
10732 2487
10735 11208
10831 19977
11315 5336
11447 23441
11449 4135
11810 20996
12102 13243
13091 6519
13235 5219
13790 14235
14947 16551
15167 22533
16125 24455
16474 26221
16533 13632
16959 3704
17763 13069
17827 27314
18439 1956
18612 27729
18655 14405
18947 22059
19264 7710
20259 10649
20471 5901
20531 21156
20784 16299
21107 8775
21401 3602
21544 23071
22095 11355
22304 11966
22541 6820
22828 23636
22986 27641
23721 7813
23838 19250
23925 12349
25099 16157
25489 10308
25922 7254
26264 15022
26482 3826
26756 23216
27313 25153
27450 21870
27648 10242
126 12622
169 15143
231 15604
294 23539
345 23257
536 22816
1993 2443
2277 17141
3023 4087
4183 3734
4466 1223
8345 7123
14436 10844
128 1071
131 7873
133 4713
135 19170
173 14114
176 11653
182 3545
193 3776
198 23813
218 6445
237 15
264 23599
321 19504
326 21381
337 3803
347 6781
368 17564
373 23727
375 4665
377 27464
379 18600
381 11251
383 19370
396 15565
402 15759
406 11590
409 5576
412 11315
416 12765
420 2442
431 15418
457 26253
461 18585
466 15027
491 15508
502 16129
504 16090
592 5842
802 19217
835 11864
904 2547
1111 2989
1123 5519
1154 18325
1371 13371
1465 24581
1499 464
1717 16719
1906 14285
1915 5792
1922 26022
1928 19225
1941 22746
1990 16903
2018 5245
2029 23500
2199 616
2275 19958
2315 21553
2321 20266
2328 390
2476 3442
2479 26255
2486 18095
2488 11720
2491 15264
2500 20895
2572 26313
2630 115
2743 2393
2749 12160
2754 7613
2879 13162
2889 5082
2909 18645
2945 14753
2951 9052
2960 9387
2963 25113
3064 3958
3073 5784
3076 15493
3079 25070
3083 12406
3091 6461
3093 26591
3096 20291
3100 13463
3107 27507
3114 8384
3137 27416
3154 25492
3174 25155
3177 8639
3179 4314
3185 13509
3187 18779
3189 15120
3198 21071
3204 25403
3312 6674
3372 3811
3447 16894
3507 10241
3627 2099
3656 13839
3736 6902
3748 27108
3752 4565
3754 4986
3763 17439
3766 15638
3782 40
3834 27593
3864 5749
3866 10950
3870 11560
3872 6829
3876 25156
3886 23171
3988 10039
4040 10717
4197 26837
4249 4050
4267 24471
4270 8825
4496 20968
4763 26499
4773 17571
4845 1744
4852 12483
4857 5651
4971 22109
5033 26267
5227 18633
5247 6538
5417 12221
5452 3639
5491 15716
5519 15878
5522 13669
5526 1804
5532 2143
5535 13158
5801 8036
5811 15196
5813 16880
5816 12470
5818 10347
5820 9206
5823 14249
5865 20790
5871 8531
5880 18205
5884 3417
5886 6528
5888 22983
5890 19699
5896 14719
5901 10894
5903 8875
5915 22352
5932 20014
6071 6157
6136 16962
6142 22609
6150 19075
6191 25200
6202 22304
6229 17527
6367 3137
6371 9548
6388 12085
6556 4138
6559 7045
6570 12583
6676 3797
6806 18719
6862 4991
6869 21879
6993 7333
7189 9693
7244 19493
7600 24426
7634 8733
7702 21758
7736 11045
7793 6580
7845 20704
7875 3298
7877 17768
7884 8241
7963 23498
8017 9389
8209 3388
8211 5521
8218 19374
8487 6637
8490 22228
8495 12695
8635 25013
8871 7634
8894 26342
9027 16940
9505 5887
9645 1448
9671 25523
9742 4228
9909 3980
10015 13749
10034 17589
10205 24809
10461 7232
10536 4506
10559 26627
10586 9778
10592 20808
10701 6504
10759 8868
10786 7966
10821 17218
10886 17543
11147 19907
11247 22043
11374 8644
11392 26134
11508 26705
11610 7604
11673 16324
11776 23675
11843 20399
11889 19176
11891 21192
11942 7051
11970 19594
12258 18647
12264 23902
12304 15095
12308 14421
12316 12273
12321 5659
12446 23143
12455 16519
12475 3990
12547 8904
12801 25000
12976 23718
13130 18366
13134 3882
13136 8700
13166 10840
13191 6367
13301 12086
13303 23507
13308 6040
13316 16885
13337 2507
13427 7052
13549 12373
13570 17319
13718 9062
13838 534
14077 19354
14131 20555
14264 2570
14322 9774
14357 24529
14368 25392
14386 7351
14586 20484
14594 10033
14601 8063
14827 4423
14896 21229
14901 7839
15174 13412
15210 16790
15320 24114
15350 14511
15425 24655
15441 16907
15568 5421
15705 4700
15866 18794
15885 16582
15937 20079
16088 14529
16129 27025
16205 15211
16437 13058
16466 26930
16631 7843
16741 4514
16814 11970
16903 20005
17094 9154
17129 81
17514 2770
17600 20297
17680 3646
17780 11462
17909 20381
17921 6881
18172 7496
18218 11327
18356 18116
18424 12402
18652 7800
19227 16917
19391 21054
19564 20417
19899 1379
19911 3996
20017 23319
20261 21319
20385 364
20517 18892
20668 22254
20713 13005
20884 26616
20983 6093
21023 4978
21175 16219
21428 2264
21430 19146
21596 27394
21889 12052
21956 6460
22106 19912
22254 23975
22322 21858
22472 15632
22574 24797
22734 8126
22756 4928
22780 13036
22911 4645
22955 23574
22998 10505
23037 21795
23175 22692
23232 9421
23406 6527
23676 11797
23693 17842
23978 24933
24106 14936
24114 2455
24239 8020
25451 1057
25772 22094
25808 26945
25868 25807
26120 17687
26243 10089
26304 12233
26340 5731
26368 27668
26535 13431
26557 21752
26720 12754
26884 22655
26965 24357
27083 7097
27197 138
27413 6072
27458 19634
27518 21884
317 23809
371 1133
407 10065
455 26551
1924 16001
2276 8037
2303 24973
2319 14028
2929 3468
3044 17658
3158 20426
3440 12509
3760 5522
3778 1130
4652 24689
4753 6659
5537 24960
5789 12648
5911 25078
6398 20988
7689 23021
8156 18909
8228 19933
8285 27380
10215 25384
11455 5108
11980 5109
11984 13350
12004 21301
12107 2586
12319 2112
12993 7016
15703 4447
15742 23408
17476 26284
18272 23440
18680 19544
20058 21549
20831 18940
22354 5086
22648 23915
26959 18666
136 8872
138 17495
140 21686
144 20362
148 16877
150 20610
156 12708
200 13744
216 24068
285 6604
363 17795
655 17478
1867 21247
2285 20351
2873 5497
3725 18400
4284 22542
5548 10080
7140 17766
8660 12296
11252 17559
16516 16631
21468 25926
25929 6438
159 561
204 22569
222 10907
229 16733
251 18430
258 22091
268 6599
275 24297
286 25695
314 8313
340 18004
355 23058
359 17253
432 25929
438 3827
443 3732
469 12385
471 26440
481 17977
532 15831
558 27215
566 193
573 22099
600 15444
647 21169
654 26872
661 17754
672 2116
685 9490
715 13120
752 24552
838 8712
965 16286
1080 5617
1135 18806
1148 334
1159 18384
1178 26583
1193 5107
1196 23559
1205 597
1216 27680
1218 21715
1222 25314
1228 10078
1234 21489
1244 12113
1246 5818
1248 12505
1250 27707
1258 14671
1267 8466
1272 16144
1308 9921
1349 21313
1384 8354
1471 14195
1521 7976
1550 24279
1559 9460
1566 1061
1568 19582
1577 7506
1581 23659
1583 25628
1592 8357
1598 17677
1600 25644
1606 13117
1609 22063
1704 13767
1895 13100
1920 2864
1961 15560
2013 19982
2015 26129
2023 14619
2031 17032
2153 15645
2173 1581
2187 7600
2210 19870
2226 1965
2229 231
2231 510
2236 4723
2266 12990
2270 9009
2288 14697
2294 11293
2348 20581
2373 9070
2401 196
2542 15021
2581 27217
2597 17696
2638 11084
2656 16045
2741 21911
2750 23933
2858 704
2863 12363
2874 13056
2880 24081
2882 26860
2890 25986
2904 14039
3008 21616
3077 27695
3117 85
3140 26280
3169 9898
3256 18787
3340 27573
3370 3207
3453 11207
3490 8707
3495 12825
3502 26424
3620 19000
3623 14413
3668 10614
3724 22449
3803 21104
3849 14209
3930 6569
3936 16912
3976 11014
3999 22381
4026 21625
4036 11302
4125 18868
4157 23212
4182 8512
4223 26740
4232 8170
4242 20020
4259 16035
4277 385
4283 4468
4343 24465
4470 12715
4488 7529
4788 126
4794 6267
5090 5598
5113 22182
5120 18556
5186 4562
5201 22504
5209 9084
5230 21386
5264 17049
5595 23455
5610 2389
5612 17004
5931 9000
6044 7437
6208 25229
6337 20043
6505 998
6543 12226
6731 20301
6798 5396
6814 4588
6982 18623
7139 11905
7258 19230
7362 27743
7392 25554
7436 19407
7559 6819
7663 22663
7674 18470
7882 12801
7957 18059
7983 14433
8148 2007
8182 14861
8265 6293
8392 17669
8400 15353
8479 18236
8907 1115
9118 22639
9291 18214
9443 4311
9719 5697
10043 25212
10138 21150
10176 17540
10380 2427
10383 5817
10408 21442
10607 17240
10716 7601
11134 1145
11568 20177
11690 19214
11858 26515
12048 24520
12158 1404
12505 8786
12613 14666
12813 21281
12932 2342
13011 23644
13351 23969
13470 472
13697 9844
14020 20333
14443 7589
14472 5870
14549 4578
14846 11287
15199 8751
15544 1261
15812 8656
15876 24563
15976 19361
16126 4977
16188 4032
16296 27528
16506 12189
16877 14691
17140 22889
17319 8015
17704 16750
17769 26176
17881 20803
18231 10349
18491 16732
18635 14748
18691 2546
18771 25441
18963 26694
19002 9720
19126 1853
19519 15581
19522 26007
19767 16602
20160 20221
20280 9565
20472 23890
20748 11620
20806 25814
21297 23645
21330 14863
21865 21115
22275 20125
22800 5611
23174 6137
23304 11190
23327 21664
23352 10811
23851 24895
26056 10198
26179 24891
26712 18132
26768 19862
26971 14046
27286 12926
27519 6223
228 12582
296 17149
312 16323
393 22029
492 17738
543 12893
660 4649
1042 13908
1964 23425
2239 6561
2494 13579
3029 27633
3451 2707
4163 17649
4215 16438
4738 14341
6036 16994
6383 25522
7712 13389
9165 27358
11117 6598
12500 19548
14681 11416
15559 12519
16578 26849
16890 4324
18151 25882
18769 3425
19028 2109
20360 19077
21528 24854
23273 24722
26073 13306
26644 18668
1558 13109
12592 20521
20794 8056
164 17077
394 13400
170 17175
511 21408
4018 12139
4173 11649
6765 13904
8671 8141
9771 18670
12656 12878
13665 21246
16913 14879
18631 6988
361 21322
434 23139
451 280
2041 17554
2876 13110
3190 22674
3973 23885
4222 4526
5405 2545
6655 673
8478 1695
8662 4593
11313 23326
12771 3491
16778 11476
26602 3194
186 17312
2061 1905
2913 17901
3841 9480
4503 17598
14781 27495
23560 12690
13238 17740
4737 27486
601 10680
709 5453
828 26775
837 24619
2307 20085
2399 13103
3004 16708
3851 2967
4120 1545
5256 18727
9297 16762
9373 23606
16199 20468
19586 19082
22840 15221
27583 23369
442 7983
805 14563
2912 9205
3943 13375
4019 6355
21179 3074
21712 4625
201 27379
362 10627
518 26120
962 25858
1121 12558
1147 14014
1500 14210
1620 10189
1909 27080
1933 7962
1955 17927
2053 22850
2068 11611
2313 14905
2505 16882
2895 15575
2898 7458
3326 27118
3418 23275
4020 4473
4123 6805
4142 14141
4147 15476
4728 2860
4731 24556
5121 14895
5694 14480
6978 20577
7565 19152
9862 16720
10178 19911
11760 11066
13653 744
14389 6930
15204 1319
15248 11781
15432 10220
15883 25275
16198 9190
16546 10438
17038 9959
17706 19566
19012 11426
19420 4341
19988 11273
20694 22736
21217 2563
21955 7376
22226 14761
22455 25758
23372 8688
23483 557
207 15775
2466 17262
3839 19707
4667 901
8344 10101
9342 8972
10154 4654
20158 16997
214 15205
3955 19873
238 1434
243 22106
395 19602
464 10337
1305 1341
2312 12151
3166 4457
3658 6203
5416 13516
8661 9516
11887 5289
14108 9634
15235 27322
16862 24824
16891 24991
18094 4902
18601 24437
19417 23271
22522 12097
248 20822
348 20108
479 3671
763 17057
899 12527
951 12478
1285 4161
1301 324
1483 11870
1887 8879
2289 17555
2747 9767
2760 7410
3019 21887
3243 22412
3795 16848
3986 7530
4027 9639
4235 25681
4281 20999
4446 27478
4492 23075
5105 4520
5597 9789
5786 5002
7010 25424
7440 5199
7951 1827
9810 4997
10724 13872
10952 5234
12678 11011
13429 9263
14479 14156
14884 2510
14956 19446
15920 25751
17500 7250
17744 9013
18089 8807
19596 10964
21604 4794
22766 23004
26586 176
26903 22376
4151 4066
9436 7907
21749 11706
263 8704
490 5942
533 11239
694 8540
786 12604
833 17422
1615 16605
1878 9796
1881 4510
1892 15392
1918 23562
2042 14827
2274 7193
2327 15102
2900 5379
3247 19583
3504 10873
4237 10387
4261 22589
4733 8829
5109 6325
5270 25971
5431 23331
5632 15718
6510 18029
6541 8076
6950 10368
6952 12398
6963 24425
7704 23983
8000 13883
8003 1645
8328 22019
8618 21339
9180 13942
9420 13465
9437 25102
10280 26122
11211 16093
11617 5393
12943 1857
14165 12602
15010 15961
15982 22123
16428 6978
17471 18530
18041 17968
18079 6290
18874 19032
19520 15383
23000 19592
23696 3060
26123 18189
282 15251
447 24829
3281 21234
6363 3905
774 12701
2323 3703
2918 15628
3102 7328
3338 3394
4158 20892
5627 25256
12005 14486
14008 21697
14510 11144
18643 1521
22443 748
26927 7089
2316 2316
9275 26369
20108 27459
357 2954
9334 20246
520 25780
562 12987
590 17675
737 16792
782 24256
992 16787
1235 16525
1260 26562
1302 13221
1504 14993
2388 23653
2762 23877
2767 6534
2968 19855
3038 25753
3201 16418
3211 26649
3230 21857
3259 12393
3328 1125
3363 25847
3385 11637
3466 1024
3634 6742
3998 10652
4013 5948
5379 20215
5790 11176
6305 16533
6443 22248
7143 14875
7235 8676
7730 16852
7862 8599
7892 3925
7947 1443
8673 25022
8985 23010
9265 3382
9785 20911
10172 27239
10487 6086
12108 7060
12605 1651
12871 21432
13344 19102
13434 10805
13873 13844
14527 24126
14639 3490
14771 19818
15384 11042
15654 6613
16050 16695
16140 26593
16161 17999
16420 9546
16750 828
17035 19072
17384 21336
17504 899
17787 27249
18004 653
18101 25127
18305 5038
18415 19543
18683 27671
18697 22386
18797 15911
18928 2151
18986 11998
19073 3974
19487 24628
19673 17796
19769 13155
19774 18264
19788 1927
20063 3981
20133 26585
20198 2571
20306 24714
20535 21527
20593 16254
20974 7067
21109 16237
21275 22362
21652 14710
22044 15938
22090 436
22763 3297
22879 7063
23206 20028
23688 20074
23798 18238
23856 18649
3167 239
3452 8084
3949 25342
4031 25883
4500 19545
6466 15905
9738 2048
13703 7253
15390 10758
16632 6782
308 19501
489 21504
901 20948
1149 2097
3021 23536
3233 26621
3460 25203
4795 19186
8203 13042
11613 14877
16439 13045
19421 14823
428 23980
1960 8590
4121 7187
10567 5328
14097 27631
14905 335
15882 932
17195 14942
21342 20066
22526 7102
23800 20200
1203 17906
3428 15990
3671 19440
4772 15305
4966 16111
14155 19804
14957 7523
17187 13640
23813 14806
424 2339
8905 15625
10777 21741
12691 25056
14524 3817
21349 10998
867 27523
15666 15408
18110 1108
13392 23247
6454 10296
21156 9678
344 22531
6499 22817
12366 26914
15313 7845
17072 18216
20399 22139
22733 15608
23246 30
13288 15304
3441 23276
9299 20312
16322 790
23659 19656
372 1749
388 23976
5696 16804
9673 25685
9834 26161
13307 3711
15215 1879
26944 13151
389 19132
19694 24916
869 1461
16100 8526
23817 11369
398 471
413 22783
10725 17494
15267 14122
20253 13511
462 16230
759 3927
2885 22566
3184 7508
3195 21216
3203 13862
3265 15848
4041 1517
4333 17406
6152 27157
6359 25194
7274 9611
7637 16083
7868 12570
10137 11774
12226 14907
16270 7046
16665 9429
17166 5018
17480 12555
20126 23225
22806 12249
26667 20203
27013 25196
27144 22966
20827 18043
2667 24683
720 14321
745 27433
2550 10754
6066 9349
6973 5220
482 8124
10177 4054
18130 5326
570 13183
1965 16474
2756 15366
5123 25026
6320 10901
7429 21470
10598 3802
11589 21013
12508 26143
12874 2937
13157 7552
14128 9847
14825 25087
15810 25274
16482 22622
16677 16722
17408 19792
17934 2782
18003 22916
18533 4454
19119 20779
19570 8951
21172 17898
21197 4613
22074 8971
23473 13383
23924 11173
24041 22775
487 19569
499 4533
8893 19774
12042 9282
15157 25827
16146 12838
16894 10145
17486 22855
19640 3033
10509 19614
16496 4072
3561 14203
517 27452
524 19980
564 23054
2728 662
2730 2807
2748 13582
2764 23924
2841 18795
2846 17786
4288 16889
5124 9391
5928 16555
6937 25220
7547 5456
8575 18963
8982 21885
9534 12577
9794 15873
10800 15091
11375 26450
11451 14680
11836 25862
13067 2004
13562 5599
13905 17261
14000 27200
14250 18135
14356 17955
14515 7281
14839 9087
15018 14964
15321 8522
15483 5821
15674 14291
16099 14206
16281 6575
16534 5606
16825 17011
16918 24699
17028 3061
17175 26904
17398 22727
17509 26997
17619 19079
17642 1731
17656 4536
18086 25934
19858 21132
20453 19454
21115 4838
21254 7077
21816 959
22272 6263
22412 23362
22803 2219
23181 10319
23945 14955
27751 26604
4727 20739
7231 4347
18991 6297
547 9563
17883 11418
20074 6924
23021 3488
555 13345
2415 511
5104 12776
10143 1954
15264 23894
17617 13017
18677 19260
27685 25398
574 14859
578 22880
581 10559
20911 9266
584 6300
15967 4163
7699 7842
27514 265
1983 3685
3580 19613
8562 7820
4457 25018
5804 8110
11485 4125
18176 12487
3566 25099
4456 2311
19960 16267
2508 15040
3433 25098
4141 5582
5712 13286
6705 7086
7791 22939
8655 10395
9439 22209
15135 16349
18216 3284
19193 3330
20353 308
21386 17950
21612 3077
21952 18732
22307 459
22654 21
22919 1365
23716 16273
27431 12255
21220 820
7653 23950
20842 4206
1709 22458
2126 21687
2481 21154
2483 13846
4930 18186
9151 8236
9718 1120
11338 1399
14451 9892
23569 9533
3565 23376
6547 9079
2296 16014
2974 6852
3572 2629
3579 6201
4024 19768
4465 19067
6954 9737
7562 13837
9740 1710
10603 6927
10932 21114
12464 16013
18212 8989
18619 6476
19201 10245
23648 9194
24402 13116
24580 19246
24722 9343
27240 3790
3984 2265
4932 8026
5020 10100
10373 2249
11025 1200
18246 14772
26309 4666
1725 10259
1739 24254
2988 1851
3404 16770
3591 18500
4051 14832
4061 2961
5616 9609
6111 8420
7371 9858
7478 27484
11292 18990
12695 24979
18853 14793
18857 22798
20028 18838
24198 4616
25906 7906
26108 19677
8009 8414
958 11119
8050 27704
17488 13353
3485 14621
4191 823
4630 4976
8281 22734
9140 15644
11297 22237
13234 8544
20054 20067
24781 24228
699 16165
3057 8561
4935 13630
7360 10059
11028 23272
18092 21314
18927 27652
20772 26091
23522 23847
4945 13700
3982 3306
4199 7194
4211 12739
4448 12236
4452 20986
4460 19098
5040 21335
5939 12768
6450 18863
6452 27387
10606 6666
14953 5652
17708 25185
18213 4678
20953 26505
26858 3760
1736 6260
11293 5661
18855 10704
6308 9939
15776 12073
17153 15559
18875 10520
18937 25313
18944 1342
20479 27034
22191 9522
24193 21849
821 20594
1288 23103
3213 16192
3630 26703
4627 2906
4643 11465
4854 6287
5255 6121
6049 17857
6476 27496
8178 14535
8267 27612
8605 1583
9149 23015
9547 9030
13455 4396
15533 2228
17420 22635
17825 16353
18788 14892
18793 7994
19708 19279
19777 26147
19909 11853
20112 23285
22616 3339
26929 3849
5730 12314
7388 5596
13780 562
18419 16801
1710 21867
6349 16747
12694 22203
17385 15729
20924 3260
1696 6713
1728 7937
1763 6851
6853 26943
8606 3154
9837 26731
13162 19914
14094 11136
14100 8178
15836 25157
22185 6058
23994 3045
27300 19979
4185 18315
19483 2876
21234 1363
1743 9866
2311 20296
3307 11963
5236 9718
6030 16248
6040 16250
6052 26474
7384 24618
7387 18477
7561 4210
7648 18514
7667 15813
7669 20547
9179 8013
9332 2304
9377 13693
10782 15208
10788 21431
11746 25043
14653 15248
15791 22507
16317 6289
16485 25540
17371 22365
17618 9578
18434 20302
19030 6818
19036 21502
19743 7755
20227 7646
20938 19298
21154 14675
21404 10416
21996 19478
23763 13320
27675 13611
1043 21871
3588 12524
3652 332
8232 6022
11032 2458
20767 14240
1032 24822
1069 1653
1299 4807
3014 25149
3234 8277
3590 23179
4046 11484
4052 19423
4078 18846
4964 2627
5382 9063
5390 6587
5392 24128
5401 19508
6097 6485
8315 25180
9759 7853
10525 16815
11587 725
12599 1345
15307 7071
17059 25444
18827 6913
21582 7113
22145 15147
23954 8185
27271 2675
3053 6306
27058 8386
1987 17020
3642 15827
4059 20470
4621 25731
6480 15507
8832 26135
10150 15224
17141 8411
21331 14839
26924 20071
16590 5993
1367 18818
2324 22187
12280 1059
14280 11593
16505 18298
20200 15537
1745 20167
1972 8728
1975 6179
1977 19434
1980 5624
2511 18392
3912 22876
6989 16859
7905 15742
7915 3396
8193 14452
10681 21787
14903 25868
15571 15185
17858 12985
18519 27049
21270 22205
24113 25580
26988 553
3387 5565
5965 6961
7939 16434
11063 20383
14489 1753
18131 19831
22413 27310
24440 3120
25125 17816
1005 4948
5859 14159
6622 17199
25630 18429
1340 1281
3741 25071
4668 1047
8659 24011
19508 26776
25537 22666
26911 6019
801 5177
3446 6191
23637 6840
815 16713
2576 26566
3449 16961
3987 995
5034 1360
6141 9210
6186 27436
6189 2081
6368 15279
6456 19949
6560 4323
6562 27463
6572 18601
7337 5366
7725 1102
9831 18829
10864 6288
12981 7304
13300 25928
14080 6942
14082 7009
14535 9753
14659 27675
17719 24008
17722 9035
22536 18465
22767 13575
26650 22075
27653 4537
5810 20310
7188 14407
8189 16419
8548 11370
11572 8031
13192 15586
16769 26823
20899 12918
23847 17200
6578 14819
23636 26600
1141 2809
1617 5229
1865 10157
2691 3794
4657 18800
4704 3391
8993 26516
12129 4709
25103 20102
686 11639
3981 8397
4949 211
1871 10352
4493 5583
9814 5536
14257 26755
8348 21409
2694 3451
6684 3931
684 16986
7434 7539
1986 4876
2475 2839
3225 8663
8798 22791
14892 19173
17024 494
20359 7085
26589 9399
27417 3800
8269 16738
1142 24803
1150 22305
1264 25217
2899 4124
3119 4024
3153 8138
4774 26113
4848 9284
7887 333
10227 1515
10615 4595
12006 16716
13669 6522
16921 5330
21710 13499
22917 27485
26155 9055
633 9157
2603 18520
4189 1986
4317 9843
27230 18196
25259 18805
2458 18390
2991 23957
7368 12237
734 9627
1125 14164
3132 24934
5644 13009
8879 6706
9371 8976
10935 27337
12448 26216
13257 27259
13320 22777
13947 20359
14804 1727
15560 25128
16209 22076
19308 18685
21063 15426
21893 25243
21928 477
26060 22270
3645 8680
7567 1563
1090 14011
1737 5388
3488 3876
4645 17267
6304 17310
6475 3741
7744 2157
8297 10148
8973 7561
9080 26348
18443 12826
21395 18017
22737 20679
22878 5152
23889 21747
24161 17530
25998 14799
868 14849
1269 7147
1896 26706
2234 18444
2262 19868
2781 18486
3443 12703
3631 14241
4190 21492
6222 3174
6654 10725
7356 16060
7958 4515
8895 7239
13062 16820
13321 20460
15023 19363
16719 16568
20263 21373
23844 14889
26491 4553
27471 3775
635 12240
758 24896
1509 8903
1864 1327
3000 7197
3800 2879
4056 17574
4060 408
4725 13544
5197 11991
5498 26639
5924 3038
6685 6011
6987 25697
7652 1687
8292 1001
9391 10674
10139 27191
11081 13089
11195 18696
11454 17430
12251 6658
13066 19990
14486 5689
14651 6654
15091 24115
15865 8187
16469 23738
16980 12600
18291 6232
19434 1794
19868 22871
19881 26264
20820 7687
21492 2160
22841 6301
23065 7041
23272 4489
23495 16945
27404 1056
632 6083
735 24970
831 26415
1297 10429
2584 23602
4127 27754
4314 18405
4663 21534
5389 15498
6266 14882
6424 24085
7363 18344
9213 17831
10862 13317
15777 6976
23098 19747
25835 26908
605 17446
744 15220
873 22947
1467 3422
2547 743
3951 962
4764 14485
6193 24009
6567 7657
6930 915
7758 15395
11126 9977
13580 23156
15385 1458
17255 4567
18949 7156
20285 26718
22566 21592
22668 3273
23804 22520
24202 5994
27082 12154
8079 24503
4409 25583
4707 21052
5692 21029
7711 24252
25447 12431
27032 19751
2349 5269
15772 8250
1354 23624
2457 18711
8128 15421
11382 26057
16789 7440
20361 20967
23429 18869
27350 20724
3843 1701
11778 13677
26146 9213
3487 10864
2008 18552
2621 2641
2680 14981
3729 4701
3769 27198
3787 23291
6067 12397
6939 27390
7263 20909
8833 13891
9482 12796
9815 1717
11070 21728
11152 12490
11158 6490
11769 2742
13194 4726
13745 8725
15072 15258
15396 9352
16448 7224
17689 25541
19182 21637
22339 17742
26688 12502
27714 10504
1380 1436
3379 11529
18165 13991
26225 17369
5521 26418
17684 294
16830 20390
20323 22118
20854 19805
24071 19388
2406 4502
6550 13440
7255 34
8727 5159
9820 25297
11236 26708
11239 1738
11241 18718
13694 1496
13696 13231
15123 25171
27598 5209
676 426
2223 13150
2579 13085
6365 8803
9202 11537
10167 9757
14968 9146
19445 14372
22748 22958
663 15148
7001 21158
10085 13723
23445 22978
960 7850
3934 21345
6221 10277
16346 6063
20711 9026
956 7957
23771 6601
5408 17956
25965 15881
2005 9988
1832 1008
6386 24268
667 6113
7124 9023
9205 18403
17580 25179
20275 10366
14682 14756
18410 17946
19063 18058
19400 15106
20165 3076
21625 76
887 22191
1852 21047
1860 15475
5222 11487
6518 4336
11084 24559
13768 17874
15786 12346
15862 7550
16638 19352
17348 14129
19026 21357
21144 13280
23189 21561
23952 17524
704 27343
796 9305
1155 5389
3124 21271
4220 1858
5640 4348
6357 22444
8006 10832
9171 15932
16824 17436
17824 24076
21053 1531
21922 16179
4313 2020
7945 23814
15007 19287
18090 17872
23366 13505
1385 7468
2693 24377
4340 1560
6327 23493
6789 26436
9425 25602
10369 21956
11288 5325
13491 4172
16349 17617
17290 4449
18656 16381
18966 4486
19349 13449
20478 16091
21210 25677
22208 4551
27697 3026
4651 14178
1290 16928
3013 8761
7944 22232
10153 12664
14211 21428
23938 11471
2269 9281
13473 20156
2627 2482
5874 4782
7784 8177
8489 13820
14898 21975
1023 21693
2545 6788
3442 21119
3666 11871
5080 1852
5628 1278
10754 4812
12959 10876
13319 3197
17356 8367
18841 20280
19726 15032
21126 17514
25635 18284
17779 15281
2941 4192
5748 23568
8206 20239
1192 10974
5257 15836
5687 24666
14904 8977
2322 19670
2779 16514
3733 13851
3781 11855
4334 26334
5639 15485
6790 21401
7896 15523
8803 2998
13706 9238
15478 19194
17241 26355
17805 19185
18931 21471
21807 12879
22055 6169
2766 25027
3332 9975
19477 18737
17808 4445
1995 17275
3005 12508
5853 20740
7232 16586
8720 23495
9640 8991
11801 25585
11872 18463
12596 17254
12645 552
15372 18563
17735 20722
25413 6855
6120 17517
3060 20130
5856 10903
8411 18474
17017 17714
17861 8088
20754 25828
23855 3070
25900 18162
13794 1957
4067 16579
1718 10266
2393 7161
2425 6268
4209 4568
6295 10637
6298 4322
9865 13680
11030 3181
16159 2894
18236 16642
25777 4217
3749 18524
6576 3423
9835 4623
14657 14807
27010 12050
1036 614
1173 17332
1179 2322
1186 20224
1355 10595
1374 20558
1495 15183
2177 3276
2260 15885
2426 14846
2901 26994
3237 11719
3301 4404
3348 7205
3632 1019
3765 10596
4789 23845
4797 1235
4807 22603
5259 12736
5461 17409
5909 27760
6792 4446
6840 21305
7233 4871
7866 1117
7870 15416
8256 12083
8574 26210
9282 12313
9376 15499
9595 19898
9797 26412
10318 21912
10515 26859
11419 17060
11831 6545
12025 1855
12144 1311
13407 15111
13492 22146
13693 11240
14035 25159
14191 17447
14315 2691
14609 14851
15379 15945
15710 18194
16217 26321
16372 21001
16676 20227
17080 23173
17840 9903
18190 25035
19188 26089
19499 2819
20093 433
20753 20632
21951 178
22540 8042
23001 1920
23196 14101
24039 18399
27445 163
623 2465
894 157
1048 8861
1423 22216
4508 24229
5929 21184
7210 497
8241 11268
9292 7307
10321 888
15933 11645
16483 23428
20844 12947
22516 15212
22844 6110
7742 21315
930 1980
982 22050
1229 7915
1629 15110
2252 12672
2259 8005
2292 2831
2504 27716
2819 7296
3438 8765
4034 7017
4225 12246
4475 20365
4490 14949
4641 607
5128 17042
6417 17756
6746 16616
7211 11500
9196 13140
9300 13853
9323 15790
9358 5743
9409 27212
9417 18643
9431 19664
9942 25667
12240 23314
12610 24864
12846 4425
13652 7844
14063 13743
14175 12543
14453 14956
14882 5156
15291 356
15458 23447
15711 9004
15921 24923
16507 15386
16860 21573
17075 11192
17330 13653
17764 9836
18073 26693
18283 23230
18600 15989
18926 23296
18987 21632
19129 2710
19512 14088
19918 11156
20171 6241
20846 22561
20976 14438
21003 18111
21202 23453
21336 14720
21449 20982
21678 23357
22088 16356
22368 588
23092 21595
23318 27225
23666 23940
23914 20566
24058 20387
26921 2286
27152 23438
27263 6117
27548 11326
2659 18517
4176 236
1263 26002
2853 11253
6760 13279
10602 21144
20189 19992
24210 14305
8567 253
2980 3068
8384 96
12672 15674
15944 11683
17992 5344
19486 23205
1630 13228
15954 312
18475 976
20086 1356
21398 22704
22312 14958
22637 1522
22882 17506
2544 833
5181 8713
5185 12641
11082 13539
14215 25471
17757 1229
850 7391
2774 27117
3948 16957
13613 4763
15490 9698
19655 10250
22062 125
7914 4787
3221 26311
9178 23145
9594 14370
12922 18173
17537 3853
22798 26476
26731 7273
27111 14140
6962 8902
7446 10735
7453 21580
7911 21225
1215 20537
5688 16904
22071 21273
15545 26760
23551 13577
1045 6014
14532 13226
16901 16243
17645 24957
609 1558
616 7636
618 15242
668 17169
674 15910
679 1031
791 22657
793 23301
839 16584
857 13886
1420 25700
2374 25947
2430 7767
4445 12301
4933 27122
5244 21031
5920 21743
8158 5809
8602 26402
9176 1822
9190 2733
9288 5610
9304 2751
9325 17003
9372 17070
9402 27628
12228 19629
13042 21976
13590 2605
14107 7355
14228 12344
14288 1454
14715 16284
15133 14089
15205 20664
15420 27224
15828 26343
16301 2779
16329 26000
16336 20176
16484 23903
16702 26119
16997 15254
17062 19561
17287 4826
17418 18589
17496 26138
17823 20186
18277 26075
18378 16663
18471 4862
18506 12167
18888 9834
19004 23378
19031 16646
19081 361
19257 14312
19286 27023
19450 10850
19631 25336
19891 2292
20389 21410
20487 3998
21209 6420
21285 17227
21413 23583
21487 10293
21654 18025
21681 25873
21726 2743
21779 2531
21848 229
22113 25172
22180 3871
22458 10973
22779 10513
22966 22101
23274 5032
23402 6369
23583 20326
23770 1774
23868 1715
27688 15894
2217 19565
5048 26879
15497 10099
18195 3101
1169 4479
1624 18816
3283 19436
4363 502
7575 6071
12661 777
19581 9529
21097 26090
23691 8312
2536 25219
10180 13664
8862 20513
14109 27247
17603 22392
22372 16344
7748 18790
3288 5505
8177 11227
3272 20174
6707 127
8007 8568
10646 14392
10685 12013
11459 16794
12586 2468
17410 1216
18518 14455
26455 12034
1359 24073
3335 21667
3730 4257
6355 17104
6764 26462
8691 21654
9088 3707
12840 16641
12973 11171
26847 5409
677 18457
809 16246
4198 8957
10264 24238
16030 14584
16325 2929
16834 21463
17111 3956
17755 17682
22042 8601
6845 21972
7690 9120
14498 4380
16889 1691
3293 13351
22447 12391
2074 6188
5842 200
7208 22355
13978 6941
27371 12356
3407 13340
22954 21187
1075 20618
1079 2155
1310 249
1628 7834
2591 13634
2602 19639
2618 22049
2906 14029
3143 15624
3242 6756
3376 10585
3398 5479
4319 19207
4623 14348
4655 26270
5076 19044
5554 2865
6076 6057
6238 15352
6423 25698
6639 20546
6641 13704
6990 8127
7275 18230
8069 12336
8352 16966
8781 22328
10521 4681
11418 9805
12049 10116
12865 15081
12935 13708
13094 2572
13211 22827
13542 22606
13687 3402
14168 11076
14951 24621
15622 17947
16232 21201
16657 6362
16972 11419
17265 14700
17277 14829
17285 15884
17679 592
17739 8618
18064 10091
18119 24990
18894 2062
18915 15875
19190 15513
19852 5674
19908 7114
19987 19129
20130 996
20495 9468
21124 27500
21345 5437
21637 18021
22739 16931
23431 18759
23599 19519
23886 15427
24183 8510
26244 11162
26689 11167
26766 17408
27684 22594
21477 14110
2256 347
11855 3910
15512 15216
17217 18472
27043 26167
9198 22782
14185 22245
15144 26094
17305 23994
18645 27499
19711 20463
22109 20771
22467 22035
25727 15078
4611 24883
6818 27577
10795 23089
18146 10180
3664 23419
23076 876
7935 13492
17276 7160
18358 298
2678 2775
8603 23972
12269 27253
19403 3134
20014 2643
21410 24847
23695 5764
3322 3532
5182 4867
6745 23630
2492 19742
3120 6271
5357 8814
5453 11347
5462 19817
12634 19955
15233 6457
20944 7030
6419 19748
22676 21359
3954 7120
11066 12761
17515 17426
8219 5298
1266 24193
1494 5465
2402 18169
3515 27210
3796 26620
4256 4775
4478 13838
4498 20918
6653 17981
9278 7330
12821 14191
13383 9721
14351 20863
15443 18607
15917 22776
16149 5585
20721 19162
22229 21087
23594 18969
5893 3008
14716 18872
18514 11095
2435 3964
2450 23474
9341 10727
13384 6959
23455 12656
13149 21027
2769 4305
12646 18307
26057 4519
9964 18316
2687 3441
11097 13434
3011 602
6711 18468
9109 22368
16178 21452
23675 17148
11456 7325
14437 19143
19780 15867
21169 20699
23789 13658
3670 4246
7451 22735
1134 11249
6564 25622
17987 19395
10079 13274
713 18283
7729 14762
12473 27189
24191 25132
1016 18576
20301 22838
10798 14376
10173 24573
16345 8946
25429 6655
24649 21919
14642 23093
9561 11928
12815 20322
19075 15075
19973 702
21900 18443
3885 16336
5808 1771
11979 13566
19001 9550
2369 12177
18353 3369
23315 22341
21224 6773
12016 27624
15646 24246
17029 3516
7843 15303
9757 16400
9386 5065
4847 23550
15668 7614
19903 15766
11775 8859
2665 3500
4531 4327
4749 16606
4752 5831
10939 16425
11956 15227
1280 14335
11693 17421
17547 5553
27482 3322
3933 2436
9998 1325
15634 21048
22939 2560
27130 22178
15953 17618
8892 25393
10880 12789
14135 17248
14731 14364
16606 14098
17976 7244
19576 6307
21714 16492
23916 24482
18108 9108
8397 3689
2908 7830
3133 565
924 17516
1256 7029
2232 20598
2364 4433
3791 19156
5011 9783
6318 3616
8992 18240
13505 24109
14628 11766
15426 8243
15635 14483
15713 19206
16057 14229
16464 24253
17341 14706
18397 14365
21229 48
22731 15502
24237 772
3473 25618
3526 27492
3531 15510
3534 15969
3536 2669
3540 18686
3544 18118
3548 24467
3550 9754
7016 26169
7100 132
7118 10944
15075 14390
17332 24974
18559 22564
19105 11111
19357 6767
20738 2806
21300 20374
21418 12055
23816 18752
26375 9329
1789 5226
7718 5347
1026 17713
1332 13181
1345 15953
1492 526
1844 18950
2161 24028
2170 19963
2216 20055
2641 15387
3039 3049
3311 26373
3362 3946
3894 14550
3921 2777
4233 25489
4356 8295
4682 13138
4800 22583
4803 17059
5043 12898
5126 14603
5544 18966
5700 14733
6207 4580
6325 8947
6646 2183
6752 12117
6799 23953
6981 19254
7530 20184
7912 7706
8343 17722
9467 19752
9597 7423
9788 27728
10067 6841
10081 13753
10395 20549
10637 21494
10704 21210
10965 4113
11431 3249
11596 16055
12127 18380
12405 24143
12532 14569
12791 17615
13273 15123
13486 22427
13630 11756
14005 18832
14318 4200
14390 10684
14471 16010
14638 24644
14829 3282
15044 4664
15225 2834
15358 7408
15546 17939
16194 17010
16493 27326
16559 17256
16881 27670
17163 22500
17267 4636
17381 15435
17538 24623
17589 17417
17930 12328
17939 24462
18072 23316
18125 12981
18302 18813
18662 16064
19100 19517
19159 6566
19309 5972
19424 7971
19768 16223
19799 10410
20120 26826
20214 2662
20415 12849
20764 13108
21105 26918
21147 9114
21240 14139
21263 1519
21383 4753
21470 16648
21601 9405
22037 20611
22353 12937
22592 807
22789 11505
22927 8774
23013 17360
23167 14944
23383 23401
23567 27179
23702 23544
23780 15620
26576 1233
26882 16629
26973 11638
27167 12766
27399 9558
1875 22567
4860 9884
23308 19213
15188 5000
18392 14641
20937 20539
22163 21698
23185 12500
2634 16406
15277 9103
27414 12632
19686 26287
23849 2645
1094 7348
8110 7347
17743 21437
21164 10786
17606 9828
1954 5688
2531 6620
2577 12459
2624 13519
5614 5380
11322 18599
12583 5998
16208 21025
20354 323
23301 16283
7006 7941
8208 2711
20912 11272
913 21131
2503 12643
23645 13402
21765 23858
9474 13802
1275 17839
1337 1271
1369 25755
1375 10681
1383 20236
2155 9601
2158 12959
2352 25009
2367 3823
4364 22426
4923 20385
6412 11623
6433 26660
6436 10251
6520 4290
7972 4557
8311 21421
8766 16856
9489 26172
9499 22294
9786 13885
10113 5854
10327 20507
10517 4268
11144 19136
11163 22928
11168 22369
11609 6955
11784 20350
11962 14843
12153 2885
12273 2433
12407 7306
12684 24551
12879 27256
13007 25111
13081 20308
13153 18436
13214 4907
13221 10133
13368 18456
13729 6256
13830 5092
13962 27071
13986 16672
14290 12828
14397 5560
14517 21379
14593 15552
14664 17249
14713 709
14800 6434
14826 6129
14844 27456
14919 11057
14994 17301
15311 25305
15347 20910
15397 5129
15639 687
15721 11780
15859 23803
15926 13027
16043 718
16220 26191
16241 11174
16278 8980
16366 2695
16512 1194
16697 12138
16729 7465
16732 15811
16868 10536
17005 7486
17013 22078
17171 10861
17237 7809
17349 2255
17389 26673
17512 980
17664 21429
17717 117
17821 24329
17884 22196
18132 2721
18351 13914
18409 16153
18457 15159
18489 325
18539 23182
18681 2129
18722 16312
18776 1011
18999 2153
19022 4095
19106 17139
19360 151
19559 10677
19779 11887
19860 26268
19893 13950
20077 14304
20488 9616
20640 12340
20704 4874
21015 22743
21094 5368
21735 13046
21953 15859
22068 19782
22298 22769
22552 22670
23219 14400
23313 11276
23355 17797
23674 9947
23836 19905
23903 27685
24031 5176
8383 3482
13220 20797
14982 17382
17997 20622
20805 3758
21153 23555
19798 2469
17789 24454
18171 444
19321 9388
19773 19741
1490 13791
14060 25356
19479 17501
3655 10090
21411 17725
14019 21162
17638 16377
19457 8505
10807 1681
11832 22401
13952 24461
14662 5872
16060 10411
16710 7208
17127 5320
17785 1787
18362 1046
19614 21631
20228 25152
21786 14118
22315 11961
747 5563
781 18318
1481 15520
3253 11580
3276 9620
3382 13096
3519 26214
6975 11988
8389 17283
8974 2256
9882 14908
21073 21459
13874 24010
16531 25352
17006 3447
17612 9520
18649 18309
19005 453
19982 21633
22487 23155
23208 14570
24159 4855
17578 7729
13742 6981
17613 14515
17853 23628
2947 17145
4134 27197
13793 23343
2552 15767
6712 7981
6942 24634
9543 17753
11008 7763
3968 2413
5629 22968
7943 6891
11460 14108
14482 26647
17419 9725
18230 5756
22371 26944
22608 10143
23915 1388
3294 19838
20617 23652
5207 20648
14480 20720
20945 8382
24173 10384
6508 5844
16636 11985
18628 1565
4615 2939
4617 306
10392 14909
15427 13750
22456 21396
27053 22339
607 23546
612 10561
622 26655
706 19004
728 1075
743 11047
755 21774
779 9598
787 9294
810 23853
817 23049
823 13333
827 16239
861 19779
866 6178
879 10457
886 26283
902 10665
1062 9679
1077 1663
1089 8543
1163 22021
1303 24468
1455 26885
1460 26817
1478 9143
1488 2965
1496 6735
1517 20836
1520 11765
1907 1371
2359 23634
2362 25151
2389 22938
2411 25593
2465 22238
2468 15934
2470 17389
2474 24206
2543 12628
2549 7548
2558 2059
2608 21413
2642 8334
2645 14457
2673 10104
2695 16923
2820 21856
2915 10494
2983 8974
3003 3766
3227 3235
3261 9464
3266 1999
3270 3039
3274 24341
3291 7970
3295 5450
3308 17465
3316 10605
3325 22142
3330 17399
3336 18387
3342 27618
3344 2639
3347 15451
3356 22661
3359 16464
3366 5526
3373 13114
3381 3554
3388 4840
3393 5790
3396 784
3400 3419
3411 21265
3414 20849
3416 13770
3423 20331
3462 24946
3481 12961
3511 22179
3518 18730
3615 19218
3740 25775
3850 20802
4005 17448
4048 5815
4084 16394
4164 11876
4168 11547
4287 10608
4676 27732
4765 6092
4843 17391
4940 18830
4973 14751
4979 5243
5044 5212
5053 1939
5058 4956
5061 26228
5075 17683
5085 21474
5099 27002
5399 27195
5483 12927
5487 2938
5492 3114
5504 1
5507 5835
5565 10304
5743 26734
6072 9776
6233 10534
6247 23510
6268 9530
6279 18501
6350 15105
6377 16386
6489 27161
6530 19872
6710 15177
6943 15489
6953 19447
6986 18482
6992 6308
7153 16735
7551 14747
7743 1316
7762 6552
7787 16764
7837 8762
7841 22963
7932 10484
7962 5157
8119 21913
8151 16232
8272 9684
8340 8840
8390 3992
8765 27220
8782 15935
8861 3796
8981 25853
9073 2335
9079 12020
9174 12711
9184 18371
9200 22862
9276 6525
9307 7427
9338 12689
9388 19489
9399 18908
9416 6252
9453 19533
9580 17470
9798 7392
9872 1181
10086 20637
10213 21714
10459 10067
10799 23109
10843 9471
10913 24387
11074 18136
11190 2843
11299 27305
11342 18239
11381 16440
11430 10953
11541 26126
11584 16840
11644 15368
11710 25579
11721 26404
11785 13699
11919 15168
12024 14718
12076 16021
12090 17041
12397 21761
12600 2104
12650 10703
12662 20197
12745 2595
12933 19256
12988 6303
13089 21983
13145 23130
13289 2119
13380 26767
13452 25378
13522 22913
13582 15229
13646 6123
13648 23036
13672 1015
13763 4816
13776 21197
13844 14847
13863 16939
14032 10222
14134 8337
14182 5759
14187 7303
14276 293
14355 19326
14420 20548
14743 27653
14782 2569
14879 13605
14986 8297
14996 13278
15124 13339
15146 10710
15200 1887
15231 5938
15294 23393
15296 19273
15299 12899
15360 11565
15383 8149
15394 19358
15465 23846
15536 8438
15613 8032
15628 25414
15637 14264
15683 6279
15697 21394
15741 8498
15746 8401
15790 23684
15871 26459
15891 7624
16016 7272
16091 9613
16141 27726
16252 11070
16355 6656
16480 25449
16706 19865
16715 16573
16853 5471
16938 23330
16971 12056
17033 10630
17091 18082
17150 21916
17186 22044
17207 7297
17269 16863
17273 16056
17279 5622
17289 403
17292 12386
17297 23626
17315 242
17352 4904
17354 26097
17359 2348
17375 26818
17413 12808
17467 21995
17479 12364
17501 8197
17592 14004
17646 19679
17728 4191
17803 11511
17879 1050
17911 5410
18022 3883
18033 15777
18045 11437
18051 13268
18060 16503
18070 22811
18096 5871
18201 14520
18217 7861
18316 2498
18384 12707
18389 1655
18413 11883
18480 14922
18719 14741
18774 8541
18781 14522
18907 11125
18948 16528
19021 8796
19194 21200
19259 245
19313 10736
19348 19661
19416 16992
19466 13994
19494 20636
19590 15698
19786 4633
19795 24617
19862 17970
19872 2908
19897 25455
19992 19071
20088 6227
20162 5387
20286 12281
20349 9887
20392 11440
20532 20110
20570 8000
20607 22616
20663 22645
20684 22122
20725 12334
20778 17671
20791 21074
20812 3017
20823 10309
20845 5053
20877 23959
20896 19801
20961 24685
20996 10712
21010 14573
21071 2397
21086 14631
21141 8632
21200 20068
21248 782
21273 17750
21295 20761
21363 3320
21388 18553
21394 11480
21408 9311
21441 11078
21509 27477
21620 97
21639 6671
21653 7753
21660 3415
21708 18089
21849 23810
21856 3550
21892 13902
21929 20820
21971 6160
22005 11093
22054 16502
22125 2340
22140 82
22169 22047
22206 23381
22221 9888
22291 6080
22314 19640
22330 23008
22340 16384
22361 15263
22383 6652
22420 6764
22445 8288
22518 3365
22630 7513
22661 24407
22728 19061
22814 3457
22829 25369
22836 9071
22869 1532
22952 9310
22999 18793
23047 20180
23058 20940
23109 1428
23260 19161
23299 12045
23353 14854
23370 1608
23385 26577
23437 24959
23464 18179
23475 10951
23511 5473
23642 8155
23649 1793
23802 22453
23867 18041
23890 17373
23959 22152
23967 20517
24001 19409
24046 15090
24074 7023
24109 9094
24174 25969
24196 4011
24226 26883
27453 11517
27571 26968
27722 19018
2047 26559
15475 15692
17002 20403
17275 13241
19064 9221
19744 25712
22437 26722
23244 8607
3659 5083
2437 20001
2461 11927
16381 27632
17989 11736
21117 22549
21959 2851
3018 604
6724 24921
13076 25717
16855 24789
3402 6305
9752 9275
14531 21295
14995 3379
21085 23836
27630 8768
3429 23713
15335 12291
17676 19859
20461 963
1356 101
1376 17693
2176 14378
6347 26744
8863 17896
9423 3331
9598 22411
10898 1512
11557 27405
11745 1199
12213 20958
12711 25178
12777 1300
12843 24086
12901 4142
13276 13284
13520 5513
13579 3406
13906 26382
14114 2024
14316 18365
14454 22327
14541 10057
14926 23821
15029 14940
15444 3580
15591 23067
15595 16221
15690 6783
15773 9650
15832 26124
15932 24592
16013 25582
16086 16154
16164 8452
16364 3476
16524 14967
16774 13322
16924 14540
17077 15666
17194 24597
17253 10263
17300 9719
17391 27546
17393 22923
17399 27555
17409 14929
17573 10641
17822 17012
17887 1435
17900 3019
17973 7412
18180 2723
18459 12856
18576 4791
18578 7930
18581 14820
18584 22334
18820 23805
18973 12262
19009 4313
19315 2370
19475 4779
19542 7343
19682 3211
19721 9345
19944 1955
20045 15339
20194 26610
20258 740
20321 13855
20384 27273
20539 13812
20833 462
20967 12891
21029 25972
21183 22282
21320 27504
21391 20198
21426 25652
21490 27559
21613 20931
21748 7168
21775 11067
21866 16282
21969 9759
22270 9954
22300 8132
22548 22439
22597 21095
22606 14979
22699 17490
22777 3295
22866 2773
22920 8213
23063 19184
23190 24794
23435 24884
23452 4859
23545 27285
23628 21978
23852 11054
23998 23740
593 20064
598 20166
621 21268
625 8352
629 27519
1416 27127
7251 8623
9364 9980
15433 0
17193 10182
2376 19204
9354 1339
17790 24243
20143 9567
20386 7538
21700 21371
892 17081
638 17358
649 19618
893 9880
1555 6986
9405 21914
13057 13761
15326 2621
21610 17657
9185 1737
9397 5636
15909 6101
16103 26846
16605 10339
19806 4988
21974 2246
24229 13390
5245 16542
14246 20004
742 16878
13540 3025
20997 23706
21940 10854
3389 23011
9008 11831
789 3243
1519 24386
9195 12164
9355 5937
13908 922
14073 17507
14710 27355
16029 4873
16312 1497
17295 27288
18036 1395
19331 12129
19901 10420
21486 918
22063 3577
23095 12035
23434 2910
7015 18703
9188 21334
9327 55
9387 22523
11799 14198
14714 16094
15083 940
15256 16501
15696 8365
16330 15707
16418 24982
17147 7878
17457 1441
17993 24519
18492 24956
19287 2649
19701 9724
20147 15253
20341 18422
20886 19736
20934 13869
21163 10214
21469 12377
21587 18814
21881 20188
795 14415
7952 15038
9298 20787
9418 3041
15731 13510
16637 13697
17377 9756
18904 15598
20676 17443
21030 24304
22369 16059
24234 19877
907 4275
1418 2144
1556 13719
5055 20011
6407 4386
6416 4583
8166 26684
8829 1482
9177 18119
9277 5882
9302 21296
9308 23603
9314 26438
9318 22399
9389 26384
9427 26624
9826 26757
10809 18921
11208 9199
11627 2186
12106 19678
12566 16898
12925 8153
13324 13168
13463 22621
14121 13321
14178 1081
14190 1599
14422 12773
14680 17821
14735 20146
14920 10022
15082 1007
15246 10196
15288 8012
15304 2913
15430 693
15488 9997
15633 10885
15695 7146
15928 4887
15963 25491
16032 24291
16046 4434
16098 661
16250 17775
16277 21721
16377 24834
16449 9272
16573 21863
16602 11184
16645 15405
16703 21347
16995 15838
17054 2043
17238 22312
17335 12440
17346 5903
17434 17536
17452 18182
17524 10205
17540 7736
17586 19766
17786 9054
17819 23540
17846 23826
17890 352
18032 6856
18134 11527
18186 13943
18325 1973
18525 18460
18660 17361
18775 23901
18868 201
18905 2909
18974 13513
19133 17281
19279 7087
19496 17932
19582 26182
19814 13687
19928 14527
20002 16488
20053 23184
20146 22796
20274 7211
20599 17424
20719 5278
20759 10619
20828 22153
20891 20159
20909 25958
21047 10446
21050 21486
21123 27057
21269 12576
21377 2239
21598 3756
21968 2722
22117 17330
22209 22030
22389 10405
22537 27663
22753 26473
22788 3465
22843 7660
23055 9334
23258 18529
23421 10771
23529 18989
23650 10580
23776 10376
23829 22646
24182 1547
14973 24752
16433 23571
24218 14729
14162 19663
23346 11940
16402 18538
19045 20201
10075 25646
22184 11842
890 20923
2615 14394
6421 6489
9216 15975
14627 27662
21463 23672
25028 4082
27029 12428
7379 20046
5213 313
7569 4751
8531 26023
20720 878
18665 4962
3744 14608
5403 8330
23121 1291
9210 5081
4458 24612
5200 7631
3617 9781
8702 5401
5231 5323
7430 22344
17694 8073
17493 14852
18706 23422
3959 15557
20238 23818
21895 25801
13464 18294
20149 13077
22026 13800
23761 10793
7706 11761
17964 21663
22023 8175
26476 9930
3067 22337
23801 8487
10396 13020
12474 10069
16720 2712
6045 1373
9211 10611
10202 26368
10204 3030
27140 6091
16653 4339
18080 26077
1070 24825
1073 13229
4047 4667
4970 13468
5396 17153
6099 3190
7002 14125
8005 12158
8152 7028
8777 316
9161 25249
10531 23669
11446 2106
12252 27661
12374 21542
12982 8834
13546 17318
13752 27163
13792 3169
13948 13657
14465 2904
15699 4697
17544 3815
17924 27622
18372 10900
18929 24605
21129 1548
23999 16748
26327 19314
27008 19998
27265 9271
27703 10464
4943 24806
20092 26164
12802 10956
2675 24711
3732 7219
4675 7365
1060 19110
1307 13790
19543 15952
21594 5954
5500 18157
17460 16676
2604 2011
21004 20141
2644 12557
3422 9523
8122 26399
11341 14594
11415 24380
16334 579
18043 9385
19276 24639
20185 15999
20643 19477
21068 10554
22065 10187
2554 5907
3323 8125
5094 10324
8835 2833
13147 14676
14183 1110
15109 25809
16025 12303
18049 9537
18068 15877
21908 12855
5484 7352
19541 24965
20960 17140
21815 6535
20817 6039
23767 25154
22332 5822
13484 7407
4830 11475
23428 26049
1473 23917
2676 7327
17843 2805
22130 3837
3464 3584
20096 8057
21376 18864
22662 536
2361 6033
15464 5936
15080 11052
11645 9196
21525 24565
16973 25714
11450 15639
22855 2709
2822 7054
20888 14649
4008 20752
14212 5311
18115 6922
5069 8131
16869 16489
1456 8160
14233 18166
13950 7515
17293 19205
22284 17829
23404 21449
5137 17226
3303 7452
1923 14986
22066 23518
22216 26679
13343 20970
19217 1877
15185 22277
22092 6031
13367 11231
2560 2169
10414 23719
11061 1393
13777 9237
22778 15033
18900 27135
22549 6135
4119 27740
8244 22424
11062 8085
20252 24807
1626 16104
6440 22243
3985 3371
15664 21096
21999 15209
6449 18358
2851 21464
20766 11746
1419 13376
17440 26821
3217 18763
3223 21028
3854 14092
5051 14871
11098 17987
14167 6070
15929 21587
17767 1775
18157 9654
18997 14543
19595 24464
20410 1447
20442 26678
20950 9373
21501 26463
22907 14434
23259 2145
23516 26400
24051 8981
13779 9444
18200 10633
17274 25874
20628 13031
8161 21846
21592 1781
18779 18988
3025 9889
22925 25592
21575 25413
20675 1167
3628 22675
6415 24411
21679 22513
7354 8309
906 24015
13217 15886
21711 10478
18936 25095
5078 25047
18943 20627
1476 18249
6538 22802
17428 951
18849 8400
20744 22949
22415 26027
23115 23760
23463 27022
8783 11695
24076 17767
1097 7829
4515 10409
7032 18203
9551 3319
10355 3166
10532 12497
12573 3774
14622 11291
16239 5968
16752 5274
16939 12337
18298 24187
19606 21934
20356 21483
20856 25594
21051 15538
22075 24778
23742 2449
23979 17659
8979 27306
21035 19850
19390 4648
15218 171
918 15948
922 7805
932 27329
5406 14005
20142 17322
22417 4619
957 16909
3956 22623
15017 15155
19971 27747
23136 9614
936 9121
938 12609
981 17825
12430 14431
940 14339
1037 20969
12204 20674
12718 14155
15714 6721
18234 9488
19727 7292
20555 15307
22116 9513
23591 15058
5988 20690
952 6309
17311 10993
967 6948
1011 20366
14088 13971
18837 638
970 5100
973 4989
975 5546
978 11635
980 22658
5440 7927
6339 3272
6341 8129
9904 13501
11954 14297
14737 16388
20010 27233
21326 27051
23108 19336
984 18982
12327 23625
18117 15960
19187 2810
19347 2331
22461 6589
990 17789
995 479
998 15678
1000 26861
1002 16261
1004 7638
13591 3889
16308 16595
17395 18314
17925 15650
18334 5343
20541 1788
22411 21500
1013 15902
1015 3963
1021 4953
16090 12222
18496 4287
23958 15379
6301 14111
18435 3929
23877 10077
10834 15892
17935 3751
20300 11275
1047 13647
9946 16823
22707 13530
5707 15318
13593 19631
3953 19347
5706 5275
5705 15673
9960 3421
2089 25283
10700 24220
18528 11434
8322 18102
22091 4587
7507 63
8044 738
8960 17062
26877 15562
2045 12461
6528 1495
2868 16637
3017 13781
5908 827
7505 22108
8326 14409
9992 9019
9994 8659
9996 5926
16663 6501
6303 22779
3919 8686
5807 9135
8214 13276
11513 8275
13254 7934
20019 1631
25719 5736
4525 6364
5319 17575
5972 24489
6618 20878
7335 7901
9535 20134
13001 24606
14433 26140
15930 10822
17481 3645
21431 17552
5438 9217
6343 24939
6345 24835
10488 9428
11275 10940
20328 13348
27719 19382
8427 8923
10166 16800
12236 10515
15032 27283
18328 7905
19741 6549
21325 21692
1722 8159
8608 14012
9911 5149
18869 12315
22783 6685
9514 2013
5720 5602
5991 17652
13910 7975
14559 8940
5973 10898
8517 3867
11403 14553
23646 8835
27125 4929
5337 27619
6183 6413
5708 15496
8956 21947
15574 21124
26977 21836
20358 13409
27447 6185
11406 19942
1388 26249
2049 8952
5643 425
7297 26146
7302 9536
7304 11141
7306 7093
7318 8642
8507 16080
10018 7851
10115 13508
10126 24780
10340 14645
10345 935
10351 15342
11069 23789
12457 9095
13658 3742
15858 227
16530 25425
17928 1486
18639 1873
18675 20842
19567 14474
20241 27176
20451 21533
20571 3508
20680 474
21138 23220
21354 6395
22427 16263
23045 25549
23870 21349
25358 2299
25957 10744
27203 18885
4435 23287
12833 10020
25623 22668
5709 8583
9961 20271
9963 12908
10622 9901
10908 16442
5367 5632
11402 713
8516 17774
7578 5694
11560 6372
2343 6436
7137 213
20018 17622
20696 8343
1343 15149
10163 22009
2174 17590
4585 10407
3476 25209
8051 17676
1312 8323
6813 24702
9903 8949
12208 25126
12212 24083
15638 10497
20239 11978
22876 25607
4784 21089
6293 9541
7976 14886
7978 9265
17365 9503
18311 7608
23217 22138
18977 630
19041 11932
21296 27367
19859 17440
18095 10939
1394 7034
6525 22638
22160 17840
7372 15776
21888 18957
21031 24856
15284 26449
17502 24813
18206 23266
5989 25531
7940 5748
8360 4253
15893 24037
26981 22539
19453 22105
22922 25310
2797 5455
9445 13418
4596 22752
5308 26032
8622 5825
10195 4393
14331 19750
19379 16478
1061 14960
12729 4848
21746 1839
1064 18256
1522 11024
1526 23141
1528 25370
1530 5627
8764 446
10863 20354
12369 12409
15476 517
17020 24129
19763 10666
21187 26781
21787 2072
17288 17584
7151 27154
18633 3949
8775 18263
15467 15316
17831 21668
27590 25907
4968 16543
21180 21245
4980 6151
8157 3303
4395 23024
8247 23724
15847 13852
21884 17401
13572 26951
5107 24162
13242 26816
27488 12268
13574 10667
1095 19767
20613 18292
3695 24684
7893 26410
10538 4083
15437 23311
15607 19301
21166 20182
24592 11289
26249 20384
13354 4744
17135 22469
9566 4139
3682 2952
7506 10615
15750 794
16255 11212
16965 17038
19983 18502
20420 24687
22745 25082
14621 320
20267 8120
1120 20615
15086 22408
10722 21708
20648 17311
2594 20313
2636 23679
3916 2195
8732 16723
19254 17405
22755 7564
10144 24653
19688 1936
21290 19481
23827 1336
2263 22884
22260 19400
7865 9739
4747 2601
3895 24756
12731 16675
14809 14003
17929 23026
20932 11468
2265 9831
19965 27284
22936 8843
23111 10741
10846 13985
10848 21415
15644 25770
17456 5147
18648 12254
19685 24694
20226 3520
23173 14970
14656 14768
7170 7142
9697 24640
12223 18826
3889 22935
7641 22199
27331 23403
1254 7488
13175 3255
14247 23848
13101 14072
4305 1259
4424 1796
6643 8137
7201 23527
9083 15249
10425 18596
12002 4677
14698 8537
20221 4219
22804 6754
25271 26494
18124 14572
26198 6156
4359 7284
5563 9224
5567 2502
5725 17047
5742 15711
10718 8174
13493 25084
14949 26095
16725 22066
17085 23815
18061 23569
21111 6837
22402 2555
22502 25458
22695 18062
22827 24804
23623 8565
23957 2821
27582 9769
15302 20019
21633 3855
1795 13797
4331 10820
17058 6866
3913 4212
10295 9807
22351 24042
23597 5371
2823 24017
5543 2729
6023 4303
7617 21776
7633 7611
8199 5557
8463 1910
9383 18368
10520 11869
11325 27515
12876 24705
13902 12979
13928 25289
14537 6518
15362 21108
19648 19810
20076 23347
24009 15715
24011 20154
25799 8251
26662 20950
27384 15702
27538 20975
3068 4634
21995 25537
18726 23695
26907 15612
2444 1996
11197 4427
17060 24361
23131 6408
18852 9443
6481 2768
9739 350
27333 10932
5480 27596
19588 20346
14371 24029
19202 18824
5576 10488
7538 25192
9519 26836
9525 7183
9528 13170
9532 10046
10410 26430
13295 25930
13299 532
14377 9142
14670 12256
18408 27745
18622 15630
19025 8173
23790 19003
27127 21577
23329 8328
8070 6013
1897 11195
8301 16218
23534 5619
5523 23298
6262 17242
12299 2384
14236 15122
20172 2344
27293 9899
4366 16905
4371 7311
4377 19607
4381 12360
4387 5734
4394 15283
6644 20195
7715 11007
8834 9653
12050 8329
18899 14803
20781 22246
21933 8193
22047 5691
24855 4245
25891 20341
16554 16737
2818 4061
4900 7285
7771 22176
12276 7984
16478 18282
19258 12781
20188 5447
22872 10103
23833 4166
25897 15402
26161 20852
13168 8784
13727 1584
13602 1338
9824 2061
7707 7543
18971 25576
22388 6406
18840 370
20394 14095
8268 1208
9959 23676
5754 12405
10060 17585
12177 24978
27260 14784
6537 26743
8429 6200
12014 11072
16655 7433
16895 4657
20104 17156
22781 2146
2664 16279
11625 5910
1863 12427
14016 24600
8473 10583
21444 8839
22263 16167
23738 4599
7283 7708
7340 18760
7342 12133
7344 15824
7346 12282
9689 14175
15994 6332
7349 19970
15589 27166
15592 20339
19945 15587
7351 13824
18453 6947
23085 14636
17252 27357
18596 11952
21380 6532
1843 27046
12967 8099
20440 24779
11959 4021
1395 13197
19934 18933
23888 14230
9120 27062
9849 18652
26835 12244
1414 24480
3539 14414
8307 8942
11188 1220
22303 6816
19955 4558
1401 3057
1406 14817
3546 3653
12358 23998
19953 14316
23603 22585
5428 12737
10210 6492
14457 5812
4568 14398
8304 9675
8477 6374
1415 9002
15948 13299
7317 7955
7859 4416
10120 11128
16686 2872
25377 6977
2124 24120
6617 27613
7991 5069
8469 4075
9606 2349
17628 5924
17634 14904
20302 18804
22138 16497
23249 19814
3533 4827
9135 468
25321 2654
8333 22224
26125 18195
2109 21514
17123 24955
1766 16202
4554 26323
4563 4254
4565 16608
4587 8454
4601 14726
4677 27105
5345 1317
5349 9860
7923 1734
8583 4236
11637 26295
12683 8616
15511 14134
19367 7649
23193 26558
7315 4250
14203 14664
5333 8201
5368 3897
5964 9123
5983 20398
12787 27119
12999 2317
16378 12586
19687 6579
22520 22747
24227 13691
4570 7987
5956 24469
5969 9955
11601 2378
14969 9392
20179 1058
24154 10601
19605 23042
23811 4109
23334 5030
1427 21083
1429 5628
1432 10419
1434 27532
19040 8619
10998 17381
27764 9113
1437 26921
10995 4635
1438 19013
10996 17021
16407 26495
1441 24113
1445 22931
10997 1285
1447 22054
5375 11158
1449 24272
5005 11449
15113 22611
5660 17886
8725 10391
19282 6280
22571 2297
14759 13113
3611 15270
8675 3171
12392 15023
12394 7965
13184 6410
14477 10737
5376 11573
1451 130
1454 8669
19555 11495
23093 17851
14248 15579
15104 27183
1834 1704
14249 14899
6872 4309
9014 5884
9017 1260
10820 14853
12220 23876
14234 27100
16651 15153
17648 12793
18538 17182
20166 15367
21531 9064
24043 21777
13251 18898
3892 4299
3900 18986
3903 13826
3915 8985
5425 18987
6892 22397
7584 14420
7613 12180
7632 5525
7889 6883
8445 22340
8460 8511
8819 1591
10224 6844
14917 10784
18836 9356
24845 22971
26262 15758
26374 8272
10563 24103
4449 21333
7475 21739
10156 8527
19968 7639
2083 1829
2098 5241
5759 5429
9228 14043
25611 22972
27158 4226
1543 22919
7555 14104
13142 7362
13708 7943
2535 3978
2569 26782
2575 24782
2684 7582
12867 19307
13545 14771
2532 17285
5072 6862
14158 21617
15026 25515
15586 20535
16094 6815
20366 9487
20876 1236
2533 27581
2562 27258
7091 18168
8715 26327
15078 26521
25040 11510
20816 13123
6714 20230
21845 23759
6833 17244
10597 12187
17511 15192
23090 6703
6841 9992
7568 2850
7481 14544
12095 15269
12099 3138
2100 21894
14921 17632
1846 18521
1862 26276
1944 12362
14359 643
15744 11021
17455 22833
5513 26232
7696 10675
4685 16048
4687 19006
4693 21892
4695 24808
4700 2135
4702 21438
4708 23864
4710 23261
4713 3999
4717 20413
4720 2252
4723 10341
9168 19824
15600 21148
19304 12235
19723 7455
22293 17397
13829 22813
17438 21944
2225 9905
6531 708
9031 22742
9034 22120
9821 6264
13144 15064
15413 5348
1903 3420
6728 25311
15864 2032
9074 806
21797 10184
20052 6498
1537 13398
1544 112
12380 3188
16758 2365
20369 8727
20372 27574
5767 14402
6772 5913
6776 27712
17984 19420
6781 18272
16695 2945
17983 17892
21174 16158
22422 27376
4859 26479
10803 9606
12330 16431
27490 601
27649 22841
4779 19788
6003 2053
6020 6095
10499 26320
13866 430
11310 266
20633 18754
6009 27120
10816 11809
10819 21360
11476 7153
17070 2268
17104 5104
19223 4592
20436 10060
20712 23949
22052 2958
22395 27264
23554 13203
1886 27601
19978 23934
23201 27697
1584 8458
6642 25645
20444 6576
18946 16309
22900 983
4418 1574
4626 2761
21467 15982
14363 1596
21842 5381
21926 4057
22692 20710
14192 4216
20991 23486
23338 1065
27636 5207
11820 19834
3624 20445
10801 7801
16634 2953
23128 18948
23797 27715
13245 18924
3622 12368
1639 9312
1641 11514
1650 21605
1654 13949
1657 1321
1674 19016
1685 4052
1692 3002
8648 4362
10160 1221
10554 18780
11865 24405
15240 2960
16746 22438
20128 18051
1658 10526
1662 5834
13529 1394
15552 24156
19849 2241
1661 269
1664 8208
19212 2754
1668 4328
1670 2926
1673 3361
1677 8407
1679 9825
1681 23166
1684 23504
21758 2653
1687 26444
13476 20983
22430 15659
9776 9043
13532 20605
18569 20062
24203 15722
27270 17380
18242 26322
5198 25639
5212 24842
9193 5160
9701 26018
10601 2006
12497 12507
16036 23066
18109 18981
19734 25476
21130 4606
21381 8880
22391 25317
2519 26419
23252 10572
9699 19325
12717 8079
23541 10186
8976 1994
19730 3725
4325 4615
17535 9027
16837 21181
18399 22602
7227 20607
9702 21198
18972 3449
12495 6770
6244 21164
15758 19616
15555 15899
23356 139
7109 17891
15003 7218
20986 22275
19284 12631
1703 19652
1708 21593
25855 19567
1767 8682
1730 1150
1742 8246
1748 27543
1753 271
21676 3403
7650 14308
19311 2276
10919 737
12549 25059
8805 7032
6609 25060
9839 26672
25631 7370
9761 12024
16648 1525
23960 18684
24670 27004
25883 23987
10292 15803
5787 5072
8886 3099
6087 14192
2129 2294
2102 16037
2105 4051
2113 12339
2115 16122
2118 25461
2132 541
2138 8664
2144 9647
3595 21214
8736 14280
9661 12000
9663 18303
11520 10880
13200 20729
14635 22584
15499 14566
16135 261
16558 20047
17172 24744
19296 3762
20464 4869
26857 20745
26994 10427
15609 26563
16666 16156
7204 17317
3755 5612
4899 11425
5158 25927
8159 15679
11280 15115
12275 20544
17247 13028
24486 5134
24917 11542
25561 16942
7270 3610
16151 23788
20636 27443
5328 24324
5332 8439
4441 25215
4547 12902
4556 2068
4571 24968
4582 1573
4589 23605
4592 15323
4594 13773
10190 16687
14987 26290
20250 20324
23912 5399
1770 7527
1774 17450
6132 5420
24235 27103
1773 16767
1779 8848
1782 9408
8543 11211
12781 22519
14440 12463
15835 26013
16519 1330
19432 2158
20284 13357
21739 12071
11698 23995
3684 6174
11680 8935
12377 7783
13503 21642
20498 23484
20500 22207
6595 20348
14689 10038
14691 6684
19844 5036
25504 9212
26873 14296
7072 13952
8945 21740
12522 6486
12525 21484
14724 24901
17670 27450
14425 7003
8947 22414
15895 20397
10251 6150
14817 21194
20742 21243
1799 14033
1802 7556
1805 15376
1808 19259
1812 11159
9336 24233
22223 14632
1826 4005
1830 13285
1839 12471
16796 8955
3758 7359
4355 21943
5134 1480
5149 1245
5167 23295
5177 24919
14931 11929
15684 8913
25968 15136
26030 9448
27254 20665
8127 18961
13757 24844
16614 18416
20610 20251
26682 13523
20907 12612
2097 11399
8868 16705
26452 14526
12313 971
21514 12840
14547 21222
6323 18721
8386 12224
13128 2962
24934 25136
11033 2085
8866 7405
15855 11715
19882 20678
20299 20220
21574 10799
22077 19822
22476 8831
23510 24799
16165 10535
16299 21318
25478 24398
26508 10676
5729 23372
6741 20757
1957 26581
2150 27192
8541 16000
8547 27255
12836 252
4346 16731
4349 1785
4352 23824
1966 23896
12301 6741
9064 2580
6012 24420
24653 1444
11232 8121
10441 23312
18249 2435
20567 19842
23011 26534
5424 14493
6743 6936
24100 6499
9062 6026
21355 8416
1857 26053
24102 9132
22313 11789
8004 11792
1885 4839
1902 19222
1905 20974
23149 12042
7524 11261
16218 10657
22513 19341
8283 14314
5758 20192
7606 27714
14685 17537
6610 27465
23238 8179
6994 1438
6612 3160
5596 18842
14017 7693
22152 14531
5603 18151
16716 7441
5598 20016
5620 14476
5922 289
9860 12552
13769 15983
7756 10170
7422 3782
8484 3344
9858 18505
19459 3139
6915 6087
9723 13583
13203 14581
16042 27240
20813 3301
22316 15654
23681 25302
27743 2788
6285 15430
6287 9702
6922 241
16189 22836
5677 21519
9650 8990
16219 12962
13506 21933
4362 23115
23320 13741
6163 25477
20298 3153
18029 7222
19043 17142
11818 1783
14340 9452
17952 6322
21767 6130
24839 14567
12543 21100
17953 19674
21293 4112
2245 16028
2771 21276
4110 7699
6354 1112
7820 24258
8511 27741
10924 18525
14027 10155
16461 2541
24935 17410
25280 20647
25479 4207
26758 21906
6999 25066
7466 10115
7486 21468
7508 18640
10647 6724
17131 19529
18483 10193
24900 21789
26357 22052
16826 5975
19207 1647
23005 21977
5618 24308
2080 25380
7501 23563
8920 10959
10680 19391
24863 26338
25387 12977
25793 1390
9581 4796
24740 5538
8568 3117
21119 8273
2911 22042
7651 26894
8200 27393
13294 10394
19208 24538
4918 7627
17067 24906
6420 7516
10049 26432
15526 22615
19834 7525
4286 6209
6996 1985
10683 8043
13698 2623
14352 18262
18892 22960
23060 2457
4086 7798
11806 11153
24075 8102
8321 10298
6255 12043
2241 25933
8771 26247
8141 24021
5656 9003
19675 8897
21988 8878
26822 4820
17248 5997
23902 11481
22403 17288
8631 12744
2085 13179
2087 6446
2091 14801
2094 2423
14116 20115
14869 920
18717 10211
21844 25391
23183 26271
2095 24833
18197 7635
20954 10920
13893 13656
6427 27451
17143 3556
24490 25786
6721 16081
7623 7619
8329 18276
5003 21380
14861 14774
17549 15893
21199 2101
4397 23201
5066 12633
9558 19709
12060 11588
12065 13613
13834 24750
15154 20336
24394 10756
25476 17006
2923 23585
9620 587
11666 18714
14874 23533
22969 4570
24308 26661
24769 14714
26294 19439
4517 25216
9956 3014
27347 5568
19621 18052
4408 2325
9250 27744
9557 25345
10436 18131
13840 6292
3613 25376
7136 2979
9945 23746
9958 15712
10196 13374
11555 24378
12531 13621
13914 5690
14647 2832
15531 3659
15814 16786
15819 16351
16105 19104
19665 4359
20351 21503
24460 13984
25408 22510
25426 27160
25437 1214
25717 15439
26479 14945
26620 14516
13851 3976
14875 11112
4104 15144
4117 16638
19460 13989
11440 14496
6897 18105
7163 16017
7171 26043
26914 22907
5164 18496
24292 11835
26242 12099
8634 13701
10588 4790
12415 7607
2922 5700
4087 26001
4097 645
8719 19112
13894 3832
17034 8146
4089 26243
4093 3454
4107 8705
4115 12142
8742 3182
23956 21241
3599 19715
18498 3944
25239 10995
8639 3400
8710 26738
8917 24393
14024 16147
14462 25038
19226 7469
25400 6584
19661 8716
23159 1147
13925 10910
3602 18108
4112 10769
13195 15327
26514 22673
4099 19054
13895 11122
6932 22347
13127 21905
2660 17890
5665 6539
8722 27657
9817 16707
10038 9668
10041 9007
12368 8851
15964 19666
20098 17910
13352 6887
4290 18920
12839 6827
25956 11126
25677 590
2935 25467
9045 11441
11307 520
3605 14179
16849 21501
3614 12749
8734 5377
11182 9655
13746 26344
14742 12518
27478 13265
7684 16569
8549 12111
8552 16484
8545 23415
17759 22463
19747 16729
2214 12231
10711 12693
13230 1385
15927 15665
18267 11246
22067 16841
22600 488
24112 24735
18500 23683
21025 12627
20381 7592
10812 20783
11647 5640
15585 5875
17470 3321
15779 1344
15716 11805
5581 2607
5589 26773
5593 3954
9513 3328
9521 2450
9523 18656
12640 27427
10084 8836
8099 10558
9124 1842
11688 19627
27573 9395
2355 19725
5649 6695
9800 5630
10301 15186
12082 8787
14223 23564
14226 1780
16264 10707
18968 3096
8249 7953
11047 9374
10951 8731
7442 14742
22901 13549
2243 12503
2247 12847
2264 18831
20224 18951
22559 16414
14842 13239
5951 26633
15412 26769
6228 27660
9850 5894
3823 26006
5938 15483
2629 7305
12739 12974
12744 22721
25748 14775
27593 12613
18976 2302
4310 22140
4416 21837
4419 13915
4421 20084
8071 19036
8081 15592
8087 9422
8370 24775
12487 12411
12490 3287
13458 24336
14761 3900
25205 22003
25430 8684
7825 20765
16124 25710
5469 10807
24012 22702
24209 11936
2342 5785
13290 12079
12854 18745
13836 16486
25761 4740
2356 18865
18300 19322
6667 14423
12593 395
14043 2425
10949 19338
2657 18537
21268 26721
25446 15247
20587 22980
21683 7596
23514 14047
17137 8586
3759 679
7480 25512
8021 19458
8045 21461
8058 27196
8060 14689
12578 23886
14551 15370
15196 25684
20325 3572
21482 19628
22754 25291
8955 11342
23530 5308
21608 2392
7459 19181
7472 2352
6114 21816
12027 18766
16955 5195
20024 23748
20895 21035
22521 11150
2441 18378
13699 4996
2452 17638
5615 13093
8336 14049
19291 12193
25185 1396
26910 14668
17314 1657
9974 19950
11458 10816
24971 7867
26687 21199
20890 11671
26217 17269
18713 1074
19819 13422
21407 14293
11124 13335
8704 13063
11585 12146
6353 15252
8332 19885
13899 12874
17762 18976
19740 13441
21005 3263
26901 2291
27223 2726
24936 20894
12984 17460
9004 16717
16422 7037
18221 10812
6737 13343
17068 15126
25196 5826
6172 18947
10187 2713
2523 22488
12498 12953
27136 23127
11916 3375
5211 23380
2530 6017
23401 6777
9154 16522
2561 22467
2593 20045
2631 484
8668 19249
13403 8721
15730 23464
5150 11891
9251 2566
9744 16896
11300 14436
11599 3834
17334 11277
25397 8372
8778 1777
8788 15516
13248 7263
25976 25362
5826 7252
6180 4849
10663 1187
10668 13784
10450 275
20379 24198
7664 26335
10432 18591
2817 16252
7757 19848
6252 15436
16643 15172
22470 6874
27171 5491
9665 1676
19886 22710
5996 5242
12985 8812
13405 1162
6483 15734
8830 27137
22593 27448
7386 19874
5950 14580
5070 3920
6348 23465
5067 2492
4895 3679
5157 26677
9136 22292
24373 25312
24409 16906
24966 26123
12119 16763
3439 19416
7527 3495
21060 18942
6665 6934
16138 9811
7280 2846
5068 14218
5073 25049
9217 987
13247 19891
14449 3386
21987 27615
2699 25982
2703 10224
2705 17670
2708 8140
2710 8515
2712 21754
2714 9512
2716 24839
2725 10268
6901 22233
7276 9018
7609 22581
9221 21985
12181 14655
14830 19553
18504 8521
26141 26595
26560 10607
27200 18676
27402 18857
6898 20129
2720 24872
6895 16169
2717 6075
20429 6173
6886 12057
12173 12232
14832 7553
6875 11708
21335 5258
6883 19421
10805 903
17635 27595
16960 21556
17454 7709
19824 10529
21271 4353
19832 15535
3963 24375
3965 2931
9223 13408
19125 12920
15039 24988
19058 27267
19874 12757
23341 5965
24186 16837
23986 16640
2790 25723
2808 18511
2805 12786
17494 19713
7221 12525
8402 3493
8405 7381
8882 2977
20664 7451
6014 15709
6198 15850
16455 12511
5463 17526
5468 18224
23461 9636
6749 10855
8915 11812
8928 24390
13206 18291
13876 13198
20965 3429
26553 14624
2972 8117
6587 7186
5872 17988
9585 1551
24615 22954
3904 3230
23549 23871
24057 4624
21565 12909
6260 22763
8293 16696
9607 2825
22360 8389
6224 11464
5848 771
7465 25623
7470 10662
7476 3469
7479 7807
11199 25332
14004 19431
21722 5317
26698 3961
17711 21057
5533 16424
15678 26429
4575 15348
4760 1729
15798 9722
18018 11824
21281 24481
23228 26646
8414 9849
2926 19051
4987 20770
9617 26471
15265 21253
8633 24925
8723 3106
15576 11721
16797 12574
8186 3113
17922 9944
23736 9274
26335 10008
11871 19450
10780 9681
13822 18516
2971 22620
22852 23289
20364 5579
2978 5742
22122 14555
8338 12037
4184 16084
7515 2380
8323 8613
11588 21551
12702 27208
7503 10579
4965 1658
7003 262
5153 27567
8509 6954
14933 3917
17120 13958
9215 18320
8319 23280
26365 21016
12698 20877
5155 17143
21242 6412
5624 27275
24248 21134
15950 19809
12141 21282
25846 16229
4757 13514
9602 8560
21874 12999
5774 11856
5843 3172
5863 16538
27244 5541
8923 13888
20939 4197
16401 3460
25682 26016
9170 4249
13328 8969
8284 304
22659 24012
10763 8685
7692 11175
13524 11931
9455 3840
9070 9617
21872 12700
6718 3870
9575 20883
8786 13756
15551 9326
27607 11300
8143 17760
6053 8722
21847 7656
14916 15048
8334 7070
9799 16041
5550 26189
6077 16744
17318 8435
16963 8858
4070 23252
3471 14468
4434 4653
5293 16995
5295 17456
5303 23878
26813 12661
22790 919
3829 6884
9245 25407
26657 16368
14012 18301
16191 651
4679 4984
7591 22286
9583 17255
26227 11488
3522 23112
3527 26153
3530 23503
7027 7221
3551 19962
7035 941
7044 27092
7088 4949
17920 19315
14258 16892
7113 18421
6256 3438
7028 14588
7048 26498
7058 64
7079 6265
7106 681
14126 12047
14289 4089
15969 12445
26474 17619
6250 22214
12792 11248
7026 14177
7040 17943
7050 19983
7086 9005
8416 5369
12013 9801
14144 9543
20732 5332
21783 11894
6253 20762
7073 8596
14113 25230
18679 4600
7019 13312
7063 20281
15515 20121
7042 19154
12410 9553
7068 13877
7096 4466
5681 15018
7075 18693
14345 24266
25664 16302
17916 16793
5829 16012
10472 15447
3596 23528
9201 14808
26208 13177
14740 23947
13900 3270
15448 20971
7245 14239
7814 631
10451 9584
11523 5169
25075 24221
15112 15943
17539 25990
11435 1736
11437 16039
6276 237
5645 13385
7888 15061
20493 26572
10662 24485
12165 15137
12332 21959
22603 24493
13654 20012
7540 19437
20943 4182
6168 2300
10114 7511
16953 26330
3675 14352
3677 26727
3680 21850
3688 17928
13339 14498
25780 12797
3683 27422
3685 5113
3687 10361
3719 18750
8261 18254
10893 480
3715 21767
18370 15214
3702 16996
7502 4199
15755 26871
4063 8198
8758 5374
9642 21290
17799 26076
25768 11444
17800 17009
10051 11088
9554 17791
19340 2684
25092 6077
5944 6793
5948 16535
26685 21285
7409 93
9570 20483
26838 7652
7424 2240
7419 10412
16121 15714
21769 14048
5936 3690
8759 3005
9035 18991
20672 752
23936 14484
27388 18697
25083 15655
7542 23988
14402 2538
23881 7681
8865 22505
14401 8375
23880 25495
3756 8695
13680 5950
19038 7887
25776 16342
13541 120
7635 18125
20401 23123
5143 11202
7964 6312
18377 11881
5609 10383
9157 11442
3810 5592
3813 17865
3818 6149
15327 23038
3830 1006
3833 9481
6607 8418
12388 14458
13865 20540
18223 2461
3820 13917
13864 17085
27062 17884
3826 24928
5784 13421
9235 15238
9252 17737
9256 7626
7054 20053
13965 26512
19214 15847
6016 13316
12903 20081
13253 10936
23562 13255
7087 14759
12764 3759
5351 3201
15332 15359
8423 25813
3863 18821
3869 12359
18258 24342
21185 27545
3884 10397
5875 24365
5832 16005
11883 17292
10059 5533
26038 451
5648 17701
10031 2018
25655 27710
18143 21964
5907 23534
20310 9812
3898 16783
3909 15805
3911 3191
22059 22055
18727 17512
5756 8324
10844 2279
12172 16119
26500 7881
8462 2421
5002 6750
18440 21835
8924 17043
9989 6455
20514 16176
21868 7512
25624 24061
26737 5054
7594 4809
26428 20839
7595 22104
7603 27598
7619 3525
16457 11726
7631 6407
4023 9173
14911 11681
16599 25559
26612 22759
11114 7968
6453 17900
13466 26363
5691 17485
13644 24658
7733 16213
11828 25659
7150 25077
5026 16256
4071 1792
4083 19765
5013 20232
18554 11634
24815 11000
14499 2410
25871 12542
4413 1878
4412 16257
12492 1020
25346 22503
12966 12738
8366 25596
19993 21825
4380 12523
4383 20707
7767 11359
14985 4042
4095 7165
4113 17897
13896 23022
27009 27287
13929 19371
14025 12741
14929 13829
20818 3352
21214 21704
8351 11308
11157 17951
23633 22805
18422 27395
6358 19172
9711 8054
22815 4148
11921 7766
16001 24908
19429 13518
22826 14349
20376 5988
4423 25878
19855 6619
10529 12061
15825 7797
23216 17118
25910 23965
11194 3142
9401 17607
4443 3165
6933 11954
17907 7027
21222 22951
4295 25366
4298 6682
4301 16275
20951 21203
4308 4034
10429 23859
17317 15250
18412 12190
20049 13381
4399 1073
20652 23286
25783 13462
26007 14845
5997 24773
4327 2919
16384 9390
20586 3140
23602 5807
8844 28
25907 7518
4351 25625
17748 5530
9087 10471
6734 8819
6738 2242
5135 24440
5139 2184
14393 24413
19922 6670
23084 1004
4374 22532
23042 12746
4425 25626
6117 10631
6236 18218
9649 24031
12936 503
13852 15808
24347 21311
24570 18893
10435 10913
26912 7811
16999 11686
4392 5945
8074 18728
11662 22625
12057 10746
12061 13115
24327 2227
24540 9109
16010 9485
10926 7073
8073 19547
24353 622
24881 12128
14983 25108
21841 17807
12938 13535
25734 1086
12070 12665
13523 21554
26121 21822
8365 15941
4431 26648
4439 26370
5280 4419
5314 5016
5322 4601
5348 27599
10002 2471
16361 413
19239 309
26654 23747
4437 14119
6611 15866
4442 23034
5363 668
6181 4922
6614 20181
5304 13010
5299 10261
21455 10481
5296 17438
25927 24371
20746 4149
26099 5407
5307 6702
7323 27078
5271 7335
27644 11754
21312 8857
22129 1023
24167 6558
5849 22302
10130 13307
16390 10878
24949 2911
25711 20321
27393 27636
10005 23313
21311 17961
20797 18419
11997 21552
4777 9986
6025 14703
5195 10827
4510 17646
16055 18242
23374 17160
24842 19584
4528 26517
4536 24100
16503 13187
16501 10458
9947 20774
21032 16058
12778 15962
14302 3119
16682 12880
23163 6131
24799 10700
21316 9067
7608 27764
6275 6800
9553 16612
9127 12960
27551 2664
19809 23256
4548 20024
4551 1427
9564 15868
10274 4960
24177 15530
8595 758
4559 1929
4561 22351
26646 2591
27307 15957
4569 1692
4576 24432
5652 1930
11603 23153
10343 9465
24840 19564
16006 19177
13178 291
18884 17782
5802 24614
6184 10003
8579 27412
5836 13403
8585 4762
8588 23321
22848 14549
25362 12140
9927 4059
9932 10320
10006 5946
25141 6419
26046 13678
27505 11779
5805 18150
8592 13825
10092 8815
15796 9911
22742 17206
22744 24741
11602 16225
11408 24630
26542 20009
15799 5587
27153 22846
6170 17131
8290 845
26528 4542
18512 25829
5482 5120
9910 17429
10393 10168
10404 17734
13616 5751
17463 17800
10403 8014
15040 16619
9647 4409
8418 1309
11235 14466
13022 26433
26237 6586
25629 15826
15038 20032
22406 19456
25428 14441
25915 23490
27040 7022
26224 3740
18104 2928
21267 22852
9101 540
4776 5382
15617 16554
4882 20565
15404 6784
4891 17608
4907 18491
5481 1541
6602 20691
9949 11431
9952 13154
11497 3300
14747 18690
19751 15141
25567 21968
5846 23218
14872 8413
18123 6038
8823 21467
6199 17499
7626 11217
8827 14679
11323 6124
11510 7011
14837 10726
16392 23108
19706 10255
12766 19245
8566 1445
27620 25074
15094 25587
4814 22194
4816 9384
4817 6099
4819 25016
4821 27739
11007 25648
27467 18347
4823 15047
4831 811
10252 13840
10239 1118
8854 14084
25032 5034
10240 10686
10242 18374
10249 16420
18756 12857
25845 2174
12558 1720
13226 25844
10987 27640
6585 671
11849 27467
4862 17197
4866 24998
4868 644
4872 11775
4876 818
4878 24019
21595 26102
4887 16603
4890 20216
4904 26192
4906 17276
4909 5459
4912 508
4915 12227
5478 642
8095 10375
9779 5150
10745 13589
10748 6145
12257 7481
18116 8017
20449 6591
21102 3540
24037 803
18733 9433
4885 1380
17206 25416
4894 20542
4897 134
27497 22149
12636 23907
11815 1656
5165 24082
8102 21540
8104 9260
19229 26293
8097 13362
5831 1659
23943 14105
25662 13808
11504 17083
11266 3100
24258 25450
24276 5635
24763 14577
11065 5704
4986 20228
12951 627
16615 7453
10986 7686
26052 110
10903 19510
13980 16949
25043 24821
10976 23651
24921 1005
27681 9630
12535 19312
15900 11552
4993 25208
4995 1151
9516 19697
24880 9477
4997 14745
4999 22008
5001 16649
5006 2046
5008 15796
5010 12798
9898 6938
14602 24288
25161 2795
25422 10190
26594 7320
9900 9386
5582 22280
5591 27698
14381 17492
14674 21763
17674 24041
14671 13737
14375 27431
26936 18338
14380 24967
5019 3888
5032 7769
6768 18428
6604 11854
11365 24188
11369 4842
25080 23543
11651 5529
14253 16617
9212 22882
10438 18743
10411 3405
12868 23779
8820 21981
11788 4735
11792 5057
20446 13172
5119 2489
10476 16876
11590 3318
19571 25030
21877 3205
5132 23231
5148 952
5174 26783
15027 18808
25618 13899
6259 4491
14751 20946
25680 23722
25160 26333
10023 23560
14754 16387
26115 24878
5162 9186
5175 8294
26609 5496
14937 10916
9123 12429
25375 20942
12794 12734
9382 2606
12924 17641
25530 9852
16721 7691
25521 5293
22501 6343
21382 16306
21611 17715
9239 16842
8802 20792
25349 20874
26152 25323
7774 2784
5272 5733
5274 26570
5290 17109
6167 26662
10656 15086
16804 20563
17955 22219
18989 10062
6179 9595
10644 22832
10669 9701
13286 16899
5285 10076
11409 2131
15403 9735
17972 24060
20551 25076
26117 24003
25581 8547
5312 4411
5321 9751
20191 24133
5338 20683
5341 13240
17047 5806
5354 10276
5361 19340
6175 17304
6182 18432
17774 22538
10661 27481
11424 14143
13285 4298
13419 11673
8525 2124
25208 1587
15527 6882
16358 22576
20851 4708
26022 9816
5963 11974
23470 20645
5957 6956
11227 4732
10648 27169
10671 20570
13853 7988
16426 18322
22107 24174
26775 16271
13370 25340
16056 5440
14687 10024
26729 27362
10642 11353
10689 22446
14456 4630
10655 16038
12529 6894
22621 20352
25645 4408
10670 6730
23152 27516
24093 14604
8522 10051
5377 8901
7293 25006
27193 3083
9104 6315
21936 16003
6102 17741
17430 20298
27513 11009
8654 23781
13259 13121
18111 9883
7779 17654
27433 14927
15995 14283
14037 13091
20850 24900
6342 7776
15493 4870
8751 11633
5464 7549
5466 6148
8165 26227
5473 19554
27006 12925
13035 6015
25076 8450
24392 894
17901 26304
22333 7879
18284 18134
10087 2783
10089 2283
22586 12805
11443 15460
12363 21376
16275 5715
17209 8009
25144 26855
11935 1134
11938 16549
17951 15390
17778 14925
25709 22198
12977 6234
13585 13015
5586 13296
19024 18183
27077 17014
9895 18454
21013 14670
18219 15602
9762 15823
9855 23131
9857 26805
12736 25051
10530 11522
7413 25036
25987 1622
12782 3518
14918 2714
11607 21147
12914 21574
5661 25158
10901 16391
16251 13332
11695 24583
8636 6228
11696 20002
20910 18466
15577 16390
5672 16142
21028 27682
5683 7141
5684 16120
15971 5561
17621 3283
22471 10032
24152 24245
25919 31
19142 3051
19144 3573
26564 19073
24056 6776
26891 8842
5703 8461
6216 9928
10905 2517
22235 12051
26744 7690
18909 11685
14104 25328
11564 2557
8250 22653
18161 11892
10562 25595
14544 18971
17770 21099
20346 19092
25824 5035
25138 5832
22950 26223
24302 19114
11754 11755
14407 6472
24827 20209
13034 1182
25681 25430
5747 8311
24478 17882
17731 21450
7602 14842
5760 23807
24550 21121
9457 21120
15434 3937
25609 25839
10216 1914
9619 4699
18548 12553
18637 972
23204 17266
12373 7013
6896 24092
11332 39
21322 3907
5825 24650
5828 10479
21238 26691
5839 22656
5840 2848
18133 18992
19428 11029
22187 15536
10029 23456
10323 15160
10341 4750
16985 6736
24423 1224
24518 19542
24682 17551
25367 23610
15681 27036
11480 17154
11878 10197
11502 6761
25109 1489
10096 18278
16380 16470
17854 5349
25251 21060
11479 8483
17775 25910
17781 8748
9226 1337
13483 27095
8498 26931
7931 24271
14597 1872
11505 20452
23176 21152
9921 5670
14049 13975
6854 15605
9888 4117
5954 24046
12121 12637
22350 14755
7987 23882
13058 26298
15415 18801
15099 26532
27225 2508
7810 24247
9020 7204
15095 6046
11770 13978
5976 4351
25275 27359
26765 27321
9944 6828
8593 26924
8591 24869
15309 16943
18728 12903
15111 21146
8714 25387
11160 17864
26325 1203
8629 10243
11159 10999
15115 1422
6013 4603
20140 5362
12424 17964
14395 7876
13510 17844
27731 9792
11053 19413
14083 2755
14843 18858
7212 5773
14398 916
22656 26590
23369 11737
16542 7571
6055 322
21894 19356
26659 25101
26163 21773
14184 7773
6089 12161
21818 22134
13023 5852
13027 23668
13037 3919
14500 10049
13021 23485
13031 24723
21715 24567
6116 7669
25861 3859
6139 3279
6146 2740
9019 20245
18114 17428
9025 4091
11361 2905
21368 18914
26864 26536
6165 8342
10678 18154
18342 98
6195 10928
9479 5559
8408 14347
15958 18575
21098 10556
14791 24035
7287 5384
11736 20742
16421 15010
6251 18087
18537 20163
7089 10845
27069 11382
7768 6484
25670 5372
6273 27647
6278 6577
20892 12352
18144 14811
13558 5101
10363 15928
11951 27588
6292 2575
24133 3620
24135 24022
18714 23768
21434 11460
23687 5614
18854 647
23396 17186
15651 20596
21099 27334
7628 15753
21702 9361
14798 2759
24232 18582
6402 22946
6405 16073
18139 3862
18142 9508
6406 9683
10504 27278
12703 2229
7246 5637
7812 26643
7819 1197
23605 6842
27429 12650
8738 9538
25678 20038
14010 24870
22938 774
18751 4508
13416 27170
15619 12745
7452 18280
22693 15471
7209 14244
7759 16558
27466 14795
6583 18388
16917 4483
6584 4012
6591 1398
6593 6608
15228 22741
6598 26496
6600 23444
17975 15814
12904 6003
18877 11454
24711 9482
24822 15135
25958 22701
9877 5708
22143 7528
24454 21338
25668 23418
17653 20727
14468 24572
16081 5929
6624 25608
17870 17656
7312 26142
6651 6798
20038 5408
12053 14509
13278 18588
11225 5333
8851 2312
24469 9091
13931 17162
18520 10272
18523 5671
26486 22342
23235 8604
11320 23541
18260 25341
15165 19658
11543 10578
11874 12491
26042 485
6750 750
18373 19735
22457 27482
6756 8315
8011 11753
20452 26285
11566 17745
6779 23032
24231 22131
9615 25551
6888 27382
7610 22613
22916 16402
12170 19718
12918 27650
19608 13534
22282 18629
14337 14903
6843 9562
6904 25410
6877 26617
23846 10070
6882 1990
6902 7159
8643 1757
15162 24801
27059 20150
13739 18561
13937 1831
22305 21385
17386 23970
12168 12759
15990 7824
9469 20408
10871 2624
14928 6182
27655 11106
20411 2725
9470 15256
23505 20578
27075 19624
9473 26136
10675 692
26789 24949
13176 17757
16157 26538
15826 12598
14270 1770
6919 27139
15649 12003
17358 26601
12727 11712
19471 12694
13097 10968
15330 11430
8425 17171
16672 5664
6938 26548
7265 24185
7273 24093
6955 18367
6957 5469
6971 12015
12737 24002
26546 6877
12733 15107
11463 20519
24367 22038
12537 11814
23186 6734
7012 23911
24925 606
8142 6969
8316 16845
15813 27445
24484 18880
18678 8501
7077 4585
7114 27404
7110 18753
14283 9088
20673 5597
11422 18532
15970 6516
18464 13038
26221 2944
15494 12310
23059 14026
13266 24746
21181 22553
17530 19854
7682 19573
7687 17228
15116 11477
9891 8053
27280 26589
9233 12216
13859 24044
9254 16580
7134 13806
7908 10514
7184 17314
7157 2244
7165 13754
10452 17442
19266 27580
15563 18653
27264 27699
7175 10390
14794 801
7194 8182
18531 6162
23653 5558
12072 14213
17597 25442
21572 26602
7423 13870
10039 3722
13500 6743
26949 10315
13932 20329
8544 26263
20040 19460
8361 19349
11055 4067
25721 12769
12804 26881
7224 17553
14997 26080
19936 24725
11122 15093
7239 6830
7241 9133
10911 27540
10978 26297
12823 15713
7248 4003
7250 18498
10827 204
13767 13044
16350 18531
10971 3073
10975 2862
12514 11559
12517 21681
16550 12732
26849 8456
12723 19605
15960 1421
19405 24319
23319 2679
14085 14900
8812 5746
10967 24907
7277 19021
21913 27438
7282 24447
11176 19999
13888 175
9098 15778
24411 417
24635 5893
14818 6384
13683 16987
9242 23705
14522 3216
12834 9039
23933 19610
10122 4746
8839 6053
9691 5174
13890 10988
26382 20898
23997 24059
24750 8245
7378 22897
16487 22322
16400 25912
7404 10474
27652 12728
7412 12345
7427 21882
24389 5135
22124 20325
7456 13930
14353 17771
26824 12667
20624 10217
15334 15656
24996 19406
25005 17251
12735 14057
25108 23963
10686 22698
10650 23792
7522 10906
25202 16861
9955 23741
12150 6774
8320 26020
17144 9080
17146 26986
14099 10549
25852 3692
7529 21731
24419 14583
7544 18176
12101 3125
25201 18438
9704 688
11535 16449
15520 13365
26869 7924
15370 23340
11482 25052
25347 19182
25769 5201
24335 23180
24366 10899
24383 20395
15611 26054
19812 10987
7750 3763
27335 24786
7749 13866
24798 24171
27056 12677
12776 14224
25549 12536
15108 12171
14503 24005
14512 19125
20975 25728
15877 21855
23584 10972
12063 1504
11723 11145
7826 11280
16169 6928
7761 5506
15300 14145
20151 22652
23028 24996
12950 3966
15803 22993
7770 24849
13519 22550
18425 4691
17226 1476
8807 27522
27121 19551
27696 16838
13518 14894
13010 1215
24806 1947
27436 7065
9472 8040
11071 19830
7802 4688
13735 13614
22758 7148
18860 3225
13083 10802
7822 14025
7824 18953
7829 24104
16174 23116
27499 5139
26180 3808
8875 13439
27290 24358
10902 15907
18765 24742
17340 4428
22178 11956
25914 2678
26204 15006
9059 10693
15241 12854
10883 18879
17594 5999
15451 16334
15455 6198
19122 21701
7988 10054
9603 18740
24932 9498
8012 1060
26169 15292
8025 22803
13725 17273
8031 16797
8961 11312
9953 1149
16245 18485
8464 26439
13766 18513
22146 23851
12142 25396
8116 10328
8118 2064
17732 1863
25384 22787
24931 4156
8173 13606
19689 27413
17797 10379
25595 9886
16779 13775
25169 595
14319 11271
8258 23906
13663 27706
9568 20279
21549 17217
22355 26332
8313 1334
19368 12993
12151 17752
21822 10905
12704 9083
8358 22255
24774 12179
16757 6425
8922 11625
12793 21049
16394 15597
16747 11576
9636 25785
11740 18655
25758 10095
18224 20082
11547 23776
15324 4110
8421 18542
27353 26634
16673 12668
11671 1747
17832 3676
18766 16443
27584 24518
17730 22100
22276 21753
15230 9657
8476 9061
18670 7082
18672 27767
26572 5793
9774 14976
19260 27734
13581 584
16073 23856
13802 1570
13804 16850
16079 18044
24249 337
26545 20113
13809 12271
20122 26350
20317 13921
21744 23293
23996 26127
8557 509
8559 2117
26547 10755
11881 11354
16389 2890
13437 4352
16656 26906
25810 22982
10557 10159
10090 19188
15282 8163
8623 23398
21350 13875
22203 605
23759 15167
17106 2288
8630 13496
8646 5294
25352 19193
27338 4799
8709 26711
21727 22818
8741 5259
21677 8658
13636 15889
25757 9245
24530 6832
22120 11006
11963 14357
16040 19482
10885 2023
8800 27128
26584 1304
15542 12381
16567 14067
22646 8369
8808 25570
21810 20731
23638 9068
9644 11482
16300 7609
25765 13805
13954 20510
16693 10954
23220 7258
8845 20941
22001 8576
19244 21257
13364 14234
8853 23043
10297 3086
8859 23160
16856 14454
16858 5911
14406 13130
21990 21520
24975 6848
12400 22317
24695 4326
17551 20825
16866 27178
19876 14183
13606 1035
19611 13637
21040 19538
8921 22730
8930 1643
25454 14479
9624 27096
26513 4016
14545 21256
8935 559
11493 19317
24928 5395
12559 20340
12892 24633
16293 21142
8950 18888
26633 12780
17130 12691
24395 23129
8966 624
24214 16780
16773 10625
15408 21513
21502 17974
12026 1972
10823 16311
10825 3069
16096 14167
17152 5787
24428 1746
25182 27209
26226 3736
25267 24516
9100 20793
11863 20913
18015 17612
18220 9619
9220 22823
10870 16682
23698 8730
9232 2704
9240 14870
22419 4535
16630 22212
25858 3006
26871 6625
13846 18895
23894 13482
20485 27435
9379 24893
17299 23875
19033 23561
14285 6900
10706 22865
18046 21393
10929 25620
16411 15225
19871 25472
15462 16164
10877 1451
13348 23732
20483 5931
19929 13924
10922 16166
22965 7176
24891 5180
15717 13683
25704 15640
18715 7559
11500 10082
17640 22904
9600 5144
13953 19398
23507 14361
26109 26401
9614 24144
25726 25879
27332 11073
9622 9732
9625 18171
15872 19294
15924 4689
20023 8788
9656 8965
18593 1053
9659 11656
17810 7919
23809 25604
25498 4477
15996 20987
18465 9228
13597 21497
9712 6757
9715 4385
21916 10759
9728 15607
27209 4571
27016 7053
24940 26098
16627 1076
9802 16650
16074 27564
24338 26964
11489 17883
26810 8410
17658 16653
17132 8378
9889 4487
27312 24654
21503 6996
9918 6463
16954 22528
10004 15964
21826 16824
10036 15207
11038 9934
24323 798
19660 20515
13040 19897
12433 8261
10658 11284
24514 19085
16623 20584
15053 10490
24938 24858
25949 6112
14562 5096
10052 24877
16832 15071
11694 21168
25133 13665
12333 860
10062 12007
10444 13433
10095 3792
10105 6839
15283 15243
12188 13955
23314 18910
24814 14611
15687 18954
11539 7341
13821 142
18344 6278
15688 23921
24299 16884
23386 17246
10234 17726
14299 26569
27097 20641
10243 14121
10254 21645
10255 13504
10258 25481
25184 9626
27511 4803
26610 22313
10267 21422
10270 16189
10271 4170
10273 14300
10306 1107
19980 26853
10312 4308
10316 10519
24288 7140
13341 22914
12187 13369
10358 17053
19178 24048
14991 15883
14993 22385
26418 2849
24188 23618
10374 14941
16237 3175
17631 11
12916 2290
26346 7456
10412 12348
16582 8128
11725 22785
10750 25735
13856 16382
10443 7398
13260 14054
20235 7778
10478 7394
10481 14272
10500 25374
10502 11858
26503 24050
17599 20169
13013 27534
17558 18551
10743 18452
10565 22460
18828 24177
10627 17929
10631 24199
19008 4071
20964 25838
14630 8701
10698 6511
24398 12016
10890 24814
11120 10994
12710 21515
26396 3332
10794 21525
19325 17614
14207 26005
20421 12794
20423 10466
15728 15410
18634 26880
22345 16967
10857 15190
10861 17394
10867 18594
20041 22887
26140 22301
26715 3672
26739 19240
16548 1204
13496 8390
13186 17458
18535 23136
27683 749
25244 16808
10959 9692
20849 25527
11048 20635
10966 13148
19173 14988
12510 18709
13118 1791
13334 10719
13119 18897
18349 964
13117 13224
24594 23269
12371 2025
14943 10511
11015 21279
26261 4525
15278 2161
13262 26170
13465 26492
26837 8473
14806 22926
25963 7584
22605 4888
11076 7434
22874 12465
15236 15819
23697 24961
15213 8892
27666 5425
19108 10670
13227 707
11263 20858
11271 21524
27034 25490
25653 14015
11287 17717
17610 15570
16288 2437
25404 11540
22862 3669
20702 26307
26489 16140
25068 15089
11348 7734
11352 25448
16788 1082
20838 21585
11354 13953
13917 4203
20418 21208
13734 10642
19161 17414
21256 9045
11373 14417
11389 13088
23102 1113
22933 20646
24339 11260
24315 6442
11438 5540
24493 11201
11490 17716
24145 23931
26348 12422
18265 12452
27619 3274
18534 8846
27164 27044
11561 25744
24492 4382
11581 19348
17032 22011
11583 6249
26876 19780
20606 1241
20654 5476
25514 15887
11702 12810
11705 7382
11709 8693
27633 10982
22103 11669
25506 832
19397 5586
19746 23452
26754 18539
14002 15795
11908 13564
11903 8703
22104 12951
11716 13057
27579 21597
11734 4661
20232 13823
21740 23270
22343 3404
22347 15134
22776 11224
20015 24812
11823 3325
17439 23434
21843 26932
26518 224
11868 2253
17205 18385
11885 2404
16276 3464
25154 14862
11965 3959
11973 2110
24882 949
11989 3412
11998 22936
13632 22714
27750 24545
12040 18919
12033 353
13181 19476
15134 27086
19691 27063
17368 20813
12113 8779
12441 10775
20670 8556
26028 22660
27701 16700
18551 23449
18965 14833
18818 2196
13443 11438
22764 8827
12198 156
18416 7482
18487 2613
20504 1961
22400 25863
12237 16329
26690 3841
17596 2137
19120 26351
22188 25508
12325 25636
23410 21065
14225 182
12343 4915
16809 9965
12354 13782
22770 1840
20585 9957
16166 13931
15096 21590
15355 8881
19324 3950
15354 14652
12472 16079
12478 15580
12482 7261
22236 2633
16988 10172
17659 12861
18786 12566
19261 12124
19718 2602
19833 3199
26945 23863
12615 19920
14488 12295
12620 16413
12619 19452
16871 13099
24491 8968
12686 8218
16723 10237
14958 10489
13955 21414
26433 23050
12800 5574
19436 23249
12811 5976
16618 18103
12818 9276
18811 7275
21133 7713
24821 21596
24311 4102
13297 8679
13847 9518
20665 12210
26954 24089
27361 723
21139 2313
15801 1168
27715 11670
25665 20768
18121 1502
26691 24223
13326 14266
14509 8196
13065 22740
17516 17720
14341 14585
21159 583
13121 26365
25448 9577
13977 21174
25073 6428
23490 2475
23535 16294
13196 14487
18614 10909
19109 23170
16936 21716
13263 17486
22217 1722
19739 22494
27459 18389
21879 18175
25993 1816
13393 4031
13398 25800
15491 667
18720 20330
14171 25769
13406 2887
15729 6780
13422 19151
13424 7643
13530 22506
21523 3723
21641 19472
23950 4765
25888 1679
27667 24771
14154 19140
13533 17846
23078 9661
13556 13553
14136 25050
13586 2702
13886 18141
13588 17489
22150 12223
18012 21801
20971 12654
13730 27396
22700 3475
13750 18045
13762 12132
16520 3313
13827 21159
21896 20602
24379 19462
13877 12850
13889 728
26607 21802
13944 927
18149 15204
20709 16755
13979 20258
13989 6213
27187 12900
14141 8442
24704 1871
14150 469
24421 3179
15842 17867
22615 16024
14209 18613
16233 23943
14221 5676
24735 24508
26776 26557
22625 14627
23112 2667
14268 19368
17750 23812
24060 2687
19952 23795
24170 24478
14327 13780
20520 25857
18757 27648
20583 9608
23218 22428
19101 23728
14501 6556
14841 19681
14543 14850
20176 2978
16058 21890
14631 26983
16268 16426
21760 27293
16772 16589
14726 8322
15164 382
14739 5556
18735 17634
14819 20029
23286 20805
14941 23016
14944 21292
21301 9014
21768 550
15031 2035
17845 23233
20507 21649
15194 581
18632 24986
15131 19235
20546 6746
15158 13084
15192 10846
15260 20072
20318 10826
19821 16867
19277 12526
15331 18755
15333 6024
15398 804
18084 16515
23500 6119
21243 2206
15496 11101
15513 10491
15521 13727
15534 3941
20247 10325
27495 19886
20001 22128
22259 5182
15601 9591
15650 23133
23361 20794
19312 5502
22951 27115
15757 16018
18259 18497
16171 8747
18241 26709
16243 23101
15833 9760
24622 27623
25014 5687
17945 17362
21707 1079
26084 20764
26178 24239
17874 22934
23029 27665
25805 20457
18350 23667
21649 10085
17620 1169
22652 23745
16347 3712
16639 24677
21898 3538
23942 2688
16393 850
16453 5210
16462 11196
19086 10152
19091 23081
19213 4421
16574 6926
16576 6747
18476 26014
16612 131
18798 2513
25361 8087
16726 22571
20826 7599
16745 7560
20374 1689
18430 2568
22587 25242
16833 16476
27314 13076
16842 26411
27275 23411
16857 1706
16906 1392
16923 15744
16933 4767
19163 15210
22534 16517
17660 15119
21204 15087
24479 10724
17078 8249
17105 4261
19136 23968
24018 9676
17210 23417
20776 24450
19919 27083
17431 27469
26344 19145
17472 17908
17559 13612
20862 25372
27409 14116
20970 8826
17701 4215
23492 14238
17813 21901
18268 14916
17856 19558
17882 23766
17994 11900
18013 17008
26401 7973
18919 2861
26632 8752
19149 20010
18198 15731
18895 5246
18266 10729
21495 15017
21052 25964
19334 77
23927 17934
18466 7892
21020 11627
18617 8520
24719 11973
26464 5438
18952 16727
18744 6344
18752 6638
21753 21982
21803 4813
22250 19410
23468 19113
18917 22486
22324 7612
19029 25610
19039 11859
26983 26452
19110 3358
19150 25168
19174 19940
19230 21725
19234 25568
22267 11787
19656 12817
21801 16435
19377 26920
22505 23765
19430 3592
23991 6459
19517 20872
19560 19455
21788 21195
21145 24404
19695 2780
19745 24287
22076 10432
22323 6544
23887 5211
19848 11607
20033 158
24476 22020
21512 5270
20370 9787
20577 27366
25298 16916
26275 26714
23471 103
21796 5213
22702 20655
21241 8104
27248 23095
21189 22440
21251 18446
21280 4605
